-445,-300
-444,-300
-443,-300
-442,-300
-441,-300
-440,-300
-439,-300
-438,-300
-437,-300
-436,-300
-435,-300
-434,-300
-433,-300
-432,-300
-431,-300
-430,-300
-429,-300
-428,-300
-427,-300
-426,-300
-425,-300
-424,-300
-423,-300
-422,-300
-421,-300
-420,-300
-419,-300
-418,-300
-417,-300
-416,-300
-415,-300
-414,-300
-413,-300
-412,-300
-411,-300
-410,-300
-409,-300
-408,-300
-407,-300
-406,-300
-405,-300
-404,-300
-403,-300
-402,-300
-401,-300
-400,-300
-399,-300
-398,-300
-397,-300
-396,-300
-395,-300
-394,-300
-393,-300
-392,-300
-391,-300
-390,-300
-389,-300
-388,-300
-387,-300
-386,-300
-385,-300
-384,-300
-383,-300
-382,-300
-381,-300
-380,-300
-379,-300
-378,-300
-377,-300
-376,-300
-375,-300
-374,-300
-373,-300
-372,-300
-371,-300
-370,-300
-369,-300
-368,-300
-367,-300
-366,-300
-365,-300
-364,-300
-363,-300
-362,-300
-361,-300
-360,-300
-359,-300
-358,-300
-357,-300
-356,-300
-355,-300
-354,-300
-353,-300
-352,-300
-351,-300
-350,-300
-349,-300
-348,-300
-347,-300
-346,-300
-345,-300
-344,-300
-343,-300
-342,-300
-341,-300
-340,-300
-339,-300
-338,-300
-337,-300
-336,-300
-335,-300
-334,-300
-333,-300
-332,-300
-331,-300
-330,-300
-329,-300
-328,-300
-327,-300
-326,-300
-325,-300
-324,-300
-323,-300
-322,-300
-321,-300
-320,-300
-319,-300
-318,-300
-317,-300
-316,-300
-315,-300
-314,-300
-313,-300
-312,-300
-311,-300
-310,-300
-309,-300
-308,-300
-307,-300
-306,-300
-305,-300
-304,-300
-303,-300
-302,-300
-301,-300
-300,-300
-299,-300
-298,-300
-297,-300
-296,-300
-295,-300
-294,-300
-293,-300
-292,-300
-291,-300
-290,-300
-289,-300
-288,-300
-287,-300
-286,-300
-285,-300
-284,-300
-283,-300
-282,-300
-281,-300
-280,-300
-279,-300
-278,-300
-277,-300
-276,-300
-275,-300
-274,-300
-273,-300
-272,-300
-271,-300
-270,-300
-269,-300
-268,-300
-267,-300
-266,-300
-265,-300
-264,-300
-263,-300
-262,-300
-261,-300
-260,-300
-259,-300
-258,-300
-257,-300
-256,-300
-255,-300
-254,-300
-253,-300
-252,-300
-251,-300
-250,-300
-249,-300
-248,-300
-247,-300
-246,-300
-245,-300
-244,-300
-243,-300
-242,-300
-241,-300
-240,-300
-239,-300
-238,-300
-237,-300
-236,-300
-235,-300
-234,-300
-233,-300
-232,-300
-231,-300
-230,-300
-229,-300
-228,-300
-227,-300
-226,-300
-225,-300
-224,-300
-223,-300
-222,-300
-221,-300
-220,-300
-219,-300
-218,-300
-217,-300
-216,-300
-215,-300
-214,-300
-213,-300
-212,-300
-211,-300
-210,-300
-209,-300
-208,-300
-207,-300
-206,-300
-205,-300
-204,-300
-203,-300
-202,-300
-201,-300
-200,-300
-199,-300
-198,-300
-197,-300
-196,-300
-195,-300
-194,-300
-193,-300
-192,-300
-191,-300
-190,-300
-189,-300
-188,-300
-187,-300
-186,-300
-185,-300
-184,-300
-183,-300
-182,-300
-181,-300
-180,-300
-179,-300
-178,-300
-177,-300
-176,-300
-175,-300
-174,-300
-173,-300
-172,-300
-171,-300
-170,-300
-169,-300
-168,-300
-167,-300
-166,-300
-165,-300
-164,-300
-163,-300
-162,-300
-161,-300
-160,-300
-159,-300
-158,-300
-157,-300
-156,-300
-155,-300
-154,-300
-153,-300
-152,-300
-151,-300
-150,-300
-149,-300
-148,-300
-147,-300
-146,-300
-145,-300
-144,-300
-143,-300
-142,-300
-141,-300
-140,-300
-139,-300
-138,-300
-137,-300
-136,-300
-135,-300
-134,-300
-133,-300
-132,-300
-131,-300
-130,-300
-129,-300
-128,-300
-127,-300
-126,-300
-125,-300
-124,-300
-123,-300
-122,-300
-121,-300
-120,-300
-119,-300
-118,-300
-117,-300
-116,-300
-115,-300
-114,-300
-113,-300
-112,-300
-111,-300
-110,-300
-109,-300
-108,-300
-107,-300
-106,-300
-105,-300
-104,-300
-103,-300
-102,-300
-101,-300
-100,-300
-99,-300
-98,-300
-97,-300
-96,-300
-95,-300
-94,-300
-93,-300
-92,-300
-91,-300
-90,-300
-89,-300
-88,-300
-87,-300
-86,-300
-85,-300
-84,-300
-83,-300
-82,-300
-81,-300
-80,-300
-79,-300
-78,-300
-77,-300
-76,-300
-75,-300
-74,-300
-73,-300
-72,-300
-71,-300
-70,-300
-69,-300
-68,-300
-67,-300
-66,-300
-65,-300
-64,-300
-63,-300
-62,-300
-61,-300
-60,-300
-59,-300
-58,-300
-57,-300
-56,-300
-55,-300
-54,-300
-53,-300
-52,-300
-51,-300
-50,-300
-49,-300
-48,-300
-47,-300
-46,-300
-45,-300
-44,-300
-43,-300
-42,-300
-41,-300
-40,-300
-39,-300
-38,-300
-37,-300
-36,-300
-35,-300
-34,-300
-33,-300
-32,-300
-31,-300
-30,-300
-29,-300
-28,-300
-27,-300
-26,-300
-25,-300
-24,-300
-23,-300
-22,-300
-21,-300
-20,-300
-19,-300
-18,-300
-17,-300
-16,-300
-15,-300
-14,-300
-13,-300
-12,-300
-11,-300
-10,-300
-9,-300
-8,-300
-7,-300
-6,-300
-5,-300
-4,-300
-3,-300
-2,-300
-1,-300
0,-300
1,-300
2,-300
3,-300
4,-300
5,-300
6,-300
7,-300
8,-300
9,-300
10,-300
11,-300
12,-300
13,-300
14,-300
15,-300
16,-300
17,-300
18,-300
19,-300
20,-300
21,-300
22,-300
23,-300
24,-300
25,-300
26,-300
27,-300
28,-300
29,-300
30,-300
31,-300
32,-300
33,-300
34,-300
35,-300
36,-300
37,-300
38,-300
39,-300
40,-300
41,-300
42,-300
43,-300
44,-300
45,-300
46,-300
47,-300
48,-300
49,-300
50,-300
51,-300
52,-300
53,-300
54,-300
55,-300
-445,-300
-445,-299
-445,-298
-445,-297
-445,-296
-445,-295
-445,-294
-445,-293
-445,-292
-445,-291
-445,-290
-445,-289
-445,-288
-445,-287
-445,-286
-445,-285
-445,-284
-445,-283
-445,-282
-445,-281
-445,-280
-445,-279
-445,-278
-445,-277
-445,-276
-445,-275
-445,-274
-445,-273
-445,-272
-445,-271
-445,-270
-445,-269
-445,-268
-445,-267
-445,-266
-445,-265
-445,-264
-445,-263
-445,-262
-445,-261
-445,-260
-445,-259
-445,-258
-445,-257
-445,-256
-445,-255
-445,-254
-445,-253
-445,-252
-445,-251
-445,-250
-445,-249
-445,-248
-445,-247
-445,-246
-445,-245
-445,-244
-445,-243
-445,-242
-445,-241
-445,-240
-445,-239
-445,-238
-445,-237
-445,-236
-445,-235
-445,-234
-445,-233
-445,-232
-445,-231
-445,-230
-445,-229
-445,-228
-445,-227
-445,-226
-445,-225
-445,-224
-445,-223
-445,-222
-445,-221
-445,-220
-585,-220
-584,-220
-583,-220
-582,-220
-581,-220
-580,-220
-579,-220
-578,-220
-577,-220
-576,-220
-575,-220
-574,-220
-573,-220
-572,-220
-571,-220
-570,-220
-569,-220
-568,-220
-567,-220
-566,-220
-565,-220
-564,-220
-563,-220
-562,-220
-561,-220
-560,-220
-559,-220
-558,-220
-557,-220
-556,-220
-555,-220
-554,-220
-553,-220
-552,-220
-551,-220
-550,-220
-549,-220
-548,-220
-547,-220
-546,-220
-545,-220
-544,-220
-543,-220
-542,-220
-541,-220
-540,-220
-539,-220
-538,-220
-537,-220
-536,-220
-535,-220
-534,-220
-533,-220
-532,-220
-531,-220
-530,-220
-529,-220
-528,-220
-527,-220
-526,-220
-525,-220
-524,-220
-523,-220
-522,-220
-521,-220
-520,-220
-519,-220
-518,-220
-517,-220
-516,-220
-515,-220
-514,-220
-513,-220
-512,-220
-511,-220
-510,-220
-509,-220
-508,-220
-507,-220
-506,-220
-505,-220
-504,-220
-503,-220
-502,-220
-501,-220
-500,-220
-499,-220
-498,-220
-497,-220
-496,-220
-495,-220
-494,-220
-493,-220
-492,-220
-491,-220
-490,-220
-489,-220
-488,-220
-487,-220
-486,-220
-485,-220
-484,-220
-483,-220
-482,-220
-481,-220
-480,-220
-479,-220
-478,-220
-477,-220
-476,-220
-475,-220
-474,-220
-473,-220
-472,-220
-471,-220
-470,-220
-469,-220
-468,-220
-467,-220
-466,-220
-465,-220
-464,-220
-463,-220
-462,-220
-461,-220
-460,-220
-459,-220
-458,-220
-457,-220
-456,-220
-455,-220
-454,-220
-453,-220
-452,-220
-451,-220
-450,-220
-449,-220
-448,-220
-447,-220
-446,-220
-445,-220
-585,-300
-585,-299
-585,-298
-585,-297
-585,-296
-585,-295
-585,-294
-585,-293
-585,-292
-585,-291
-585,-290
-585,-289
-585,-288
-585,-287
-585,-286
-585,-285
-585,-284
-585,-283
-585,-282
-585,-281
-585,-280
-585,-279
-585,-278
-585,-277
-585,-276
-585,-275
-585,-274
-585,-273
-585,-272
-585,-271
-585,-270
-585,-269
-585,-268
-585,-267
-585,-266
-585,-265
-585,-264
-585,-263
-585,-262
-585,-261
-585,-260
-585,-259
-585,-258
-585,-257
-585,-256
-585,-255
-585,-254
-585,-253
-585,-252
-585,-251
-585,-250
-585,-249
-585,-248
-585,-247
-585,-246
-585,-245
-585,-244
-585,-243
-585,-242
-585,-241
-585,-240
-585,-239
-585,-238
-585,-237
-585,-236
-585,-235
-585,-234
-585,-233
-585,-232
-585,-231
-585,-230
-585,-229
-585,-228
-585,-227
-585,-226
-585,-225
-585,-224
-585,-223
-585,-222
-585,-221
-585,-220
-685,-285
-684,-285
-683,-285
-682,-285
-681,-285
-680,-285
-679,-285
-678,-285
-677,-285
-676,-285
-675,-285
-674,-285
-673,-285
-672,-285
-671,-285
-670,-285
-669,-285
-668,-285
-667,-285
-666,-285
-665,-285
-664,-285
-663,-285
-662,-285
-661,-285
-660,-285
-659,-285
-658,-285
-657,-285
-656,-285
-655,-285
-654,-285
-653,-285
-652,-285
-651,-285
-650,-285
-649,-285
-648,-285
-647,-285
-646,-285
-645,-285
-644,-285
-643,-285
-642,-285
-641,-285
-640,-285
-639,-285
-638,-285
-637,-285
-636,-285
-635,-285
-634,-285
-633,-285
-632,-285
-631,-285
-630,-285
-629,-285
-628,-285
-627,-285
-626,-285
-625,-285
-624,-285
-623,-285
-622,-285
-621,-285
-620,-285
-619,-285
-618,-285
-617,-285
-616,-285
-615,-285
-614,-285
-613,-285
-612,-285
-611,-285
-610,-285
-609,-285
-608,-285
-607,-285
-606,-285
-605,-285
-604,-285
-603,-285
-602,-285
-601,-285
-600,-285
-599,-285
-598,-285
-597,-285
-596,-285
-595,-285
-594,-285
-593,-285
-592,-285
-591,-285
-590,-285
-589,-285
-588,-285
-587,-285
-586,-285
-585,-285
-285,-685
-284,-685
-283,-685
-282,-685
-281,-685
-280,-685
-279,-685
-278,-685
-277,-685
-276,-685
-275,-685
-274,-685
-273,-685
-272,-685
-271,-685
-270,-685
-269,-685
-268,-685
-267,-685
-266,-685
-265,-685
-264,-685
-263,-685
-262,-685
-261,-685
-260,-685
-259,-685
-258,-685
-257,-685
-256,-685
-255,-685
-254,-685
-253,-685
-252,-685
-251,-685
-250,-685
-249,-685
-248,-685
-247,-685
-246,-685
-245,-685
-244,-685
-243,-685
-242,-685
-241,-685
-240,-685
-239,-685
-238,-685
-237,-685
-236,-685
-235,-685
-234,-685
-233,-685
-232,-685
-231,-685
-230,-685
-229,-685
-228,-685
-227,-685
-226,-685
-225,-685
-224,-685
-223,-685
-222,-685
-221,-685
-220,-685
-825,-220
-824,-220
-823,-220
-822,-220
-821,-220
-820,-220
-819,-220
-818,-220
-817,-220
-816,-220
-815,-220
-814,-220
-813,-220
-812,-220
-811,-220
-810,-220
-809,-220
-808,-220
-807,-220
-806,-220
-805,-220
-804,-220
-803,-220
-802,-220
-801,-220
-800,-220
-799,-220
-798,-220
-797,-220
-796,-220
-795,-220
-794,-220
-793,-220
-792,-220
-791,-220
-790,-220
-789,-220
-788,-220
-787,-220
-786,-220
-785,-220
-784,-220
-783,-220
-782,-220
-781,-220
-780,-220
-779,-220
-778,-220
-777,-220
-776,-220
-775,-220
-774,-220
-773,-220
-772,-220
-771,-220
-770,-220
-769,-220
-768,-220
-767,-220
-766,-220
-765,-220
-764,-220
-763,-220
-762,-220
-761,-220
-760,-220
-759,-220
-758,-220
-757,-220
-756,-220
-755,-220
-754,-220
-753,-220
-752,-220
-751,-220
-750,-220
-749,-220
-748,-220
-747,-220
-746,-220
-745,-220
-744,-220
-743,-220
-742,-220
-741,-220
-740,-220
-739,-220
-738,-220
-737,-220
-736,-220
-735,-220
-734,-220
-733,-220
-732,-220
-731,-220
-730,-220
-729,-220
-728,-220
-727,-220
-726,-220
-725,-220
-724,-220
-723,-220
-722,-220
-721,-220
-720,-220
-719,-220
-718,-220
-717,-220
-716,-220
-715,-220
-714,-220
-713,-220
-712,-220
-711,-220
-710,-220
-709,-220
-708,-220
-707,-220
-706,-220
-705,-220
-704,-220
-703,-220
-702,-220
-701,-220
-700,-220
-699,-220
-698,-220
-697,-220
-696,-220
-695,-220
-694,-220
-693,-220
-692,-220
-691,-220
-690,-220
-689,-220
-688,-220
-687,-220
-686,-220
-685,-220
-684,-220
-683,-220
-682,-220
-681,-220
-680,-220
-679,-220
-678,-220
-677,-220
-676,-220
-675,-220
-674,-220
-673,-220
-672,-220
-671,-220
-670,-220
-669,-220
-668,-220
-667,-220
-666,-220
-665,-220
-664,-220
-663,-220
-662,-220
-661,-220
-660,-220
-659,-220
-658,-220
-657,-220
-656,-220
-655,-220
-654,-220
-653,-220
-652,-220
-651,-220
-650,-220
-649,-220
-648,-220
-647,-220
-646,-220
-645,-220
-644,-220
-643,-220
-642,-220
-641,-220
-640,-220
-639,-220
-638,-220
-637,-220
-636,-220
-635,-220
-634,-220
-633,-220
-632,-220
-631,-220
-630,-220
-629,-220
-628,-220
-627,-220
-626,-220
-625,-220
-624,-220
-623,-220
-622,-220
-621,-220
-620,-220
-619,-220
-618,-220
-617,-220
-616,-220
-615,-220
-614,-220
-613,-220
-612,-220
-611,-220
-610,-220
-609,-220
-608,-220
-607,-220
-606,-220
-605,-220
-604,-220
-603,-220
-602,-220
-601,-220
-600,-220
-599,-220
-598,-220
-597,-220
-596,-220
-595,-220
-594,-220
-593,-220
-592,-220
-591,-220
-590,-220
-589,-220
-588,-220
-587,-220
-586,-220
-585,-220
-584,-220
-583,-220
-582,-220
-581,-220
-580,-220
-579,-220
-578,-220
-577,-220
-576,-220
-575,-220
-574,-220
-573,-220
-572,-220
-571,-220
-570,-220
-569,-220
-568,-220
-567,-220
-566,-220
-565,-220
-564,-220
-563,-220
-562,-220
-561,-220
-560,-220
-559,-220
-558,-220
-557,-220
-556,-220
-555,-220
-554,-220
-553,-220
-552,-220
-551,-220
-550,-220
-549,-220
-548,-220
-547,-220
-546,-220
-545,-220
-544,-220
-543,-220
-542,-220
-541,-220
-540,-220
-539,-220
-538,-220
-537,-220
-536,-220
-535,-220
-534,-220
-533,-220
-532,-220
-531,-220
-530,-220
-529,-220
-528,-220
-527,-220
-526,-220
-525,-220
-524,-220
-523,-220
-522,-220
-521,-220
-520,-220
-519,-220
-518,-220
-517,-220
-516,-220
-515,-220
-514,-220
-513,-220
-512,-220
-511,-220
-510,-220
-509,-220
-508,-220
-507,-220
-506,-220
-505,-220
-504,-220
-503,-220
-502,-220
-501,-220
-500,-220
-499,-220
-498,-220
-497,-220
-496,-220
-495,-220
-494,-220
-493,-220
-492,-220
-491,-220
-490,-220
-489,-220
-488,-220
-487,-220
-486,-220
-485,-220
-484,-220
-483,-220
-482,-220
-481,-220
-480,-220
-479,-220
-478,-220
-477,-220
-476,-220
-475,-220
-474,-220
-473,-220
-472,-220
-471,-220
-470,-220
-469,-220
-468,-220
-467,-220
-466,-220
-465,-220
-464,-220
-463,-220
-462,-220
-461,-220
-460,-220
-459,-220
-458,-220
-457,-220
-456,-220
-455,-220
-454,-220
-453,-220
-452,-220
-451,-220
-450,-220
-449,-220
-448,-220
-447,-220
-446,-220
-445,-220
-444,-220
-443,-220
-442,-220
-441,-220
-440,-220
-439,-220
-438,-220
-437,-220
-436,-220
-435,-220
-434,-220
-433,-220
-432,-220
-431,-220
-430,-220
-429,-220
-428,-220
-427,-220
-426,-220
-425,-220
-424,-220
-423,-220
-422,-220
-421,-220
-420,-220
-419,-220
-418,-220
-417,-220
-416,-220
-415,-220
-414,-220
-413,-220
-412,-220
-411,-220
-410,-220
-409,-220
-408,-220
-407,-220
-406,-220
-405,-220
-404,-220
-403,-220
-402,-220
-401,-220
-400,-220
-399,-220
-398,-220
-397,-220
-396,-220
-395,-220
-394,-220
-393,-220
-392,-220
-391,-220
-390,-220
-389,-220
-388,-220
-387,-220
-386,-220
-385,-220
-384,-220
-383,-220
-382,-220
-381,-220
-380,-220
-379,-220
-378,-220
-377,-220
-376,-220
-375,-220
-830,-405
-830,-404
-830,-403
-830,-402
-830,-401
-830,-400
-830,-399
-830,-398
-830,-397
-830,-396
-830,-395
-830,-394
-830,-393
-830,-392
-830,-391
-830,-390
-830,-389
-830,-388
-830,-387
-830,-386
-830,-385
-830,-384
-830,-383
-830,-382
-830,-381
-830,-380
-830,-379
-830,-378
-830,-377
-830,-376
-830,-375
-830,-374
-830,-373
-830,-372
-830,-371
-830,-370
-830,-369
-830,-368
-830,-367
-830,-366
-830,-365
-830,-364
-830,-363
-830,-362
-830,-361
-830,-360
-830,-359
-830,-358
-830,-357
-830,-356
-830,-355
-830,-354
-830,-353
-830,-352
-830,-351
-830,-350
-830,-349
-830,-348
-830,-347
-830,-346
-830,-345
-830,-344
-830,-343
-830,-342
-830,-341
-830,-340
-830,-339
-830,-338
-830,-337
-830,-336
-830,-335
-830,-334
-830,-333
-830,-332
-830,-331
-830,-330
-830,-329
-830,-328
-830,-327
-830,-326
-830,-325
-830,-324
-830,-323
-830,-322
-830,-321
-830,-320
-830,-319
-830,-318
-830,-317
-830,-316
-830,-315
-830,-314
-830,-313
-830,-312
-830,-311
-830,-310
-830,-309
-830,-308
-830,-307
-830,-306
-830,-305
-830,-304
-830,-303
-830,-302
-830,-301
-830,-300
-830,-299
-830,-298
-830,-297
-830,-296
-830,-295
-830,-294
-830,-293
-830,-292
-830,-291
-830,-290
-830,-289
-830,-288
-830,-287
-830,-286
-830,-285
-830,-284
-830,-283
-830,-282
-830,-281
-830,-280
-830,-279
-830,-278
-830,-277
-830,-276
-830,-275
-830,-274
-830,-273
-830,-272
-830,-271
-830,-270
-830,-269
-830,-268
-830,-267
-830,-266
-830,-265
-830,-264
-830,-263
-830,-262
-830,-261
-830,-260
-830,-259
-830,-258
-830,-257
-830,-256
-830,-255
-830,-254
-830,-253
-830,-252
-830,-251
-830,-250
-830,-249
-830,-248
-830,-247
-830,-246
-830,-245
-830,-244
-830,-243
-830,-242
-830,-241
-830,-240
-830,-239
-830,-238
-830,-237
-830,-236
-830,-235
-830,-234
-830,-233
-830,-232
-830,-231
-830,-230
-830,-229
-830,-228
-830,-227
-830,-226
-830,-225
-830,-224
-830,-223
-830,-222
-830,-221
-830,-220
-825,-405
-824,-405
-823,-405
-822,-405
-821,-405
-820,-405
-819,-405
-818,-405
-817,-405
-816,-405
-815,-405
-814,-405
-813,-405
-812,-405
-811,-405
-810,-405
-809,-405
-808,-405
-807,-405
-806,-405
-805,-405
-804,-405
-803,-405
-802,-405
-801,-405
-800,-405
-799,-405
-798,-405
-797,-405
-796,-405
-795,-405
-794,-405
-793,-405
-792,-405
-791,-405
-790,-405
-789,-405
-788,-405
-787,-405
-786,-405
-785,-405
-784,-405
-783,-405
-782,-405
-781,-405
-780,-405
-779,-405
-778,-405
-777,-405
-776,-405
-775,-405
-774,-405
-773,-405
-772,-405
-771,-405
-770,-405
-769,-405
-768,-405
-767,-405
-766,-405
-765,-405
-764,-405
-763,-405
-762,-405
-761,-405
-760,-405
-759,-405
-758,-405
-757,-405
-756,-405
-755,-405
-754,-405
-753,-405
-752,-405
-751,-405
-750,-405
-749,-405
-748,-405
-747,-405
-746,-405
-745,-405
-744,-405
-743,-405
-742,-405
-741,-405
-740,-405
-739,-405
-738,-405
-737,-405
-736,-405
-735,-405
-734,-405
-733,-405
-732,-405
-731,-405
-730,-405
-729,-405
-728,-405
-727,-405
-726,-405
-725,-405
-724,-405
-723,-405
-722,-405
-721,-405
-720,-405
-719,-405
-718,-405
-717,-405
-716,-405
-715,-405
-714,-405
-713,-405
-712,-405
-711,-405
-710,-405
-709,-405
-708,-405
-707,-405
-706,-405
-705,-405
-704,-405
-703,-405
-702,-405
-701,-405
-700,-405
-699,-405
-698,-405
-697,-405
-696,-405
-695,-405
-694,-405
-693,-405
-692,-405
-691,-405
-690,-405
-689,-405
-688,-405
-687,-405
-686,-405
-685,-405
-684,-405
-683,-405
-682,-405
-681,-405
-680,-405
-679,-405
-678,-405
-677,-405
-676,-405
-675,-405
-674,-405
-673,-405
-672,-405
-671,-405
-670,-405
-669,-405
-668,-405
-667,-405
-666,-405
-665,-405
-664,-405
-663,-405
-662,-405
-661,-405
-660,-405
-659,-405
-658,-405
-657,-405
-656,-405
-655,-405
-654,-405
-653,-405
-652,-405
-651,-405
-650,-405
-649,-405
-648,-405
-647,-405
-646,-405
-645,-405
-644,-405
-643,-405
-642,-405
-641,-405
-640,-405
-639,-405
-638,-405
-637,-405
-636,-405
-635,-405
-634,-405
-633,-405
-632,-405
-631,-405
-630,-405
-629,-405
-628,-405
-627,-405
-626,-405
-625,-405
-624,-405
-623,-405
-622,-405
-621,-405
-620,-405
-619,-405
-618,-405
-617,-405
-616,-405
-615,-405
-614,-405
-613,-405
-612,-405
-611,-405
-610,-405
-609,-405
-608,-405
-607,-405
-606,-405
-605,-405
-604,-405
-603,-405
-602,-405
-601,-405
-600,-405
-599,-405
-598,-405
-597,-405
-596,-405
-595,-405
-594,-405
-593,-405
-592,-405
-591,-405
-590,-405
-589,-405
-588,-405
-587,-405
-586,-405
-585,-405
-584,-405
-583,-405
-582,-405
-581,-405
-580,-405
-579,-405
-578,-405
-577,-405
-576,-405
-575,-405
-574,-405
-573,-405
-572,-405
-571,-405
-570,-405
-569,-405
-568,-405
-567,-405
-566,-405
-565,-405
-564,-405
-563,-405
-562,-405
-561,-405
-560,-405
-559,-405
-558,-405
-557,-405
-556,-405
-555,-405
-554,-405
-553,-405
-552,-405
-551,-405
-550,-405
-549,-405
-548,-405
-547,-405
-546,-405
-545,-405
-544,-405
-543,-405
-542,-405
-541,-405
-540,-405
-539,-405
-538,-405
-537,-405
-536,-405
-535,-405
-534,-405
-533,-405
-532,-405
-531,-405
-530,-405
-529,-405
-528,-405
-527,-405
-526,-405
-525,-405
-524,-405
-523,-405
-522,-405
-521,-405
-520,-405
-519,-405
-518,-405
-517,-405
-516,-405
-515,-405
-514,-405
-513,-405
-512,-405
-511,-405
-510,-405
-509,-405
-508,-405
-507,-405
-506,-405
-505,-405
-504,-405
-503,-405
-502,-405
-501,-405
-500,-405
-499,-405
-498,-405
-497,-405
-496,-405
-495,-405
-494,-405
-493,-405
-492,-405
-491,-405
-490,-405
-489,-405
-488,-405
-487,-405
-486,-405
-485,-405
-484,-405
-483,-405
-482,-405
-481,-405
-480,-405
-479,-405
-478,-405
-477,-405
-476,-405
-475,-405
-474,-405
-473,-405
-472,-405
-471,-405
-470,-405
-469,-405
-468,-405
-467,-405
-466,-405
-465,-405
-464,-405
-463,-405
-462,-405
-461,-405
-460,-405
-459,-405
-458,-405
-457,-405
-456,-405
-455,-405
-454,-405
-453,-405
-452,-405
-451,-405
-450,-405
-449,-405
-448,-405
-447,-405
-446,-405
-445,-405
-444,-405
-443,-405
-442,-405
-441,-405
-440,-405
-439,-405
-438,-405
-437,-405
-436,-405
-435,-405
-434,-405
-433,-405
-432,-405
-431,-405
-430,-405
-429,-405
-428,-405
-427,-405
-426,-405
-425,-405
-424,-405
-423,-405
-422,-405
-421,-405
-420,-405
-419,-405
-418,-405
-417,-405
-416,-405
-415,-405
-414,-405
-413,-405
-412,-405
-411,-405
-410,-405
-409,-405
-408,-405
-407,-405
-406,-405
-405,-405
-404,-405
-403,-405
-402,-405
-401,-405
-400,-405
-399,-405
-398,-405
-397,-405
-396,-405
-395,-405
-394,-405
-393,-405
-392,-405
-391,-405
-390,-405
-389,-405
-388,-405
-387,-405
-386,-405
-385,-405
-384,-405
-383,-405
-382,-405
-381,-405
-380,-405
-379,-405
-378,-405
-377,-405
-376,-405
-375,-405
-374,-405
-373,-405
-372,-405
-371,-405
-370,-405
-369,-405
-368,-405
-367,-405
-366,-405
-365,-405
-364,-405
-363,-405
-362,-405
-361,-405
-360,-405
-359,-405
-358,-405
-357,-405
-356,-405
-355,-405
-354,-405
-353,-405
-352,-405
-351,-405
-350,-405
-349,-405
-348,-405
-347,-405
-346,-405
-345,-405
-344,-405
-343,-405
-342,-405
-341,-405
-340,-405
-339,-405
-338,-405
-337,-405
-336,-405
-335,-405
-334,-405
-333,-405
-332,-405
-331,-405
-330,-405
-329,-405
-328,-405
-327,-405
-326,-405
-325,-405
-324,-405
-323,-405
-322,-405
-321,-405
-320,-405
-319,-405
-318,-405
-317,-405
-316,-405
-315,-405
-314,-405
-313,-405
-312,-405
-311,-405
-310,-405
-309,-405
-308,-405
-307,-405
-306,-405
-305,-405
-304,-405
-303,-405
-302,-405
-301,-405
-300,-405
-299,-405
-298,-405
-297,-405
-296,-405
-295,-405
-294,-405
-293,-405
-292,-405
-291,-405
-290,-405
-289,-405
-288,-405
-287,-405
-286,-405
-285,-405
-284,-405
-283,-405
-282,-405
-281,-405
-280,-405
-279,-405
-278,-405
-277,-405
-276,-405
-275,-405
-274,-405
-273,-405
-272,-405
-271,-405
-270,-405
-269,-405
-268,-405
-267,-405
-266,-405
-265,-405
-264,-405
-263,-405
-262,-405
-261,-405
-260,-405
-259,-405
-258,-405
-257,-405
-256,-405
-255,-405
-254,-405
-253,-405
-252,-405
-251,-405
-250,-405
-249,-405
-248,-405
-247,-405
-246,-405
-245,-405
-244,-405
-243,-405
-242,-405
-241,-405
-240,-405
-239,-405
-238,-405
-237,-405
-236,-405
-235,-405
-234,-405
-233,-405
-232,-405
-231,-405
-230,-405
-229,-405
-228,-405
-227,-405
-226,-405
-225,-405
-224,-405
-223,-405
-222,-405
-221,-405
-220,-405
-219,-405
-218,-405
-217,-405
-216,-405
-215,-405
-214,-405
-213,-405
-212,-405
-211,-405
-210,-405
-209,-405
-208,-405
-207,-405
-206,-405
-205,-405
-204,-405
-203,-405
-202,-405
-201,-405
-200,-405
-199,-405
-198,-405
-197,-405
-196,-405
-195,-405
-194,-405
-193,-405
-192,-405
-191,-405
-190,-405
-189,-405
-188,-405
-187,-405
-186,-405
-185,-405
-184,-405
-183,-405
-182,-405
-181,-405
-180,-405
-179,-405
-178,-405
-177,-405
-176,-405
-175,-405
-174,-405
-173,-405
-172,-405
-171,-405
-170,-405
-169,-405
-168,-405
-167,-405
-166,-405
-165,-405
-164,-405
-163,-405
-162,-405
-161,-405
-160,-405
-159,-405
-158,-405
-157,-405
-156,-405
-155,-405
-154,-405
-153,-405
-152,-405
-151,-405
-150,-405
-149,-405
-148,-405
-147,-405
-146,-405
-145,-405
-144,-405
-143,-405
-142,-405
-141,-405
-140,-405
-139,-405
-138,-405
-137,-405
-136,-405
-135,-405
-134,-405
-133,-405
-132,-405
-131,-405
-130,-405
-129,-405
-128,-405
-127,-405
-126,-405
-125,-405
-124,-405
-123,-405
-122,-405
-121,-405
-120,-405
-119,-405
-118,-405
-117,-405
-116,-405
-115,-405
-114,-405
-113,-405
-112,-405
-111,-405
-110,-405
-109,-405
-108,-405
-107,-405
-106,-405
-105,-405
-104,-405
-103,-405
-102,-405
-101,-405
-100,-405
-99,-405
-98,-405
-97,-405
-96,-405
-95,-405
-94,-405
-93,-405
-92,-405
-91,-405
-90,-405
-89,-405
-88,-405
-87,-405
-86,-405
-85,-405
-84,-405
-83,-405
-82,-405
-81,-405
-80,-405
-79,-405
-78,-405
-77,-405
-76,-405
-75,-405
-74,-405
-73,-405
-72,-405
-71,-405
-70,-405
-69,-405
-68,-405
-67,-405
-66,-405
-65,-405
-64,-405
-63,-405
-62,-405
-61,-405
-60,-405
-59,-405
-58,-405
-57,-405
-56,-405
-55,-405
-54,-405
-53,-405
-52,-405
-51,-405
-50,-405
-49,-405
-48,-405
-47,-405
-46,-405
-45,-405
-44,-405
-43,-405
-42,-405
-41,-405
-40,-405
-39,-405
-38,-405
-37,-405
-36,-405
-35,-405
-34,-405
-33,-405
-32,-405
-31,-405
-30,-405
-29,-405
-28,-405
-27,-405
-26,-405
-25,-405
-24,-405
-23,-405
-22,-405
-21,-405
-20,-405
-19,-405
-18,-405
-17,-405
-16,-405
-15,-405
-14,-405
-13,-405
-12,-405
-11,-405
-10,-405
-9,-405
-8,-405
-7,-405
-6,-405
-5,-405
-4,-405
-3,-405
-2,-405
-1,-405
0,-405
1,-405
2,-405
3,-405
4,-405
5,-405
6,-405
7,-405
8,-405
9,-405
10,-405
11,-405
12,-405
13,-405
14,-405
15,-405
16,-405
17,-405
18,-405
19,-405
20,-405
21,-405
22,-405
23,-405
24,-405
25,-405
26,-405
27,-405
28,-405
29,-405
30,-405
31,-405
32,-405
33,-405
34,-405
35,-405
36,-405
37,-405
38,-405
39,-405
40,-405
41,-405
42,-405
43,-405
44,-405
45,-405
46,-405
47,-405
48,-405
49,-405
50,-405
51,-405
52,-405
53,-405
54,-405
55,-405
56,-405
57,-405
58,-405
59,-405
60,-405
-685,-280
-685,-279
-685,-278
-685,-277
-685,-276
-685,-275
-685,-274
-685,-273
-685,-272
-685,-271
-685,-270
-685,-269
-685,-268
-685,-267
-685,-266
-685,-265
-685,-264
-685,-263
-685,-262
-685,-261
-685,-260
-685,-259
-685,-258
-685,-257
-685,-256
-685,-255
-685,-254
-685,-253
-685,-252
-685,-251
-685,-250
-685,-249
-685,-248
-685,-247
-685,-246
-685,-245
-685,-244
-685,-243
-685,-242
-685,-241
-685,-240
-685,-239
-685,-238
-685,-237
-685,-236
-685,-235
-685,-234
-685,-233
-685,-232
-685,-231
-685,-230
-685,-229
-685,-228
-685,-227
-685,-226
-685,-225
60,-400
60,-399
60,-398
60,-397
60,-396
60,-395
60,-394
60,-393
60,-392
60,-391
60,-390
60,-389
60,-388
60,-387
60,-386
60,-385
60,-384
60,-383
60,-382
60,-381
60,-380
60,-379
60,-378
60,-377
60,-376
60,-375
60,-374
60,-373
60,-372
60,-371
60,-370
60,-369
60,-368
60,-367
60,-366
60,-365
60,-364
60,-363
60,-362
60,-361
60,-360
60,-359
60,-358
60,-357
60,-356
60,-355
60,-354
60,-353
60,-352
60,-351
60,-350
60,-349
60,-348
60,-347
60,-346
60,-345
60,-344
60,-343
60,-342
60,-341
60,-340
60,-339
60,-338
60,-337
60,-336
60,-335
60,-334
60,-333
60,-332
60,-331
60,-330
60,-329
60,-328
60,-327
60,-326
60,-325
60,-324
60,-323
60,-322
60,-321
60,-320
60,-319
60,-318
60,-317
60,-316
60,-315
60,-314
60,-313
60,-312
60,-311
60,-310
60,-309
60,-308
60,-307
60,-306
60,-305
60,-304
60,-303
60,-302
60,-301
60,-300
60,-299
60,-298
60,-297
60,-296
60,-295
