-155,-180
-155,-179
-155,-178
-155,-177
-155,-176
-155,-175
-155,-174
-155,-173
-155,-172
-155,-171
-155,-170
-155,-169
-155,-168
-155,-167
-155,-166
-155,-165
-155,-164
-155,-163
-155,-162
-155,-161
-155,-160
-155,-159
-155,-158
-155,-157
-155,-156
-155,-155
-155,-154
-155,-153
-155,-152
-155,-151
-155,-150
-155,-149
-155,-148
-155,-147
-155,-146
-155,-145
-155,-144
-155,-143
-155,-142
-155,-141
-155,-140
-155,-139
-155,-138
-155,-137
-155,-136
-155,-135
-395,-500
-395,-499
-395,-498
-395,-497
-395,-496
-395,-495
-395,-494
-395,-493
-395,-492
-395,-491
-395,-490
-395,-489
-395,-488
-395,-487
-395,-486
-395,-485
-395,-484
-395,-483
-395,-482
-395,-481
-395,-480
-395,-479
-395,-478
-395,-477
-395,-476
-395,-475
-395,-474
-395,-473
-395,-472
-395,-471
-395,-470
-395,-469
-395,-468
-395,-467
-395,-466
-395,-465
-395,-464
-395,-463
-395,-462
-395,-461
-395,-460
-395,-459
-395,-458
-395,-457
-395,-456
-395,-455
-395,-454
-395,-453
-395,-452
-395,-451
-395,-450
-395,-449
-395,-448
-395,-447
-395,-446
-395,-445
-395,-444
-395,-443
-395,-442
-395,-441
-395,-440
-395,-439
-395,-438
-395,-437
-395,-436
-395,-435
-395,-434
-395,-433
-395,-432
-395,-431
-395,-430
-395,-429
-395,-428
-395,-427
-395,-426
-395,-425
-395,-424
-395,-423
-395,-422
-395,-421
-395,-420
-395,-419
-395,-418
-395,-417
-395,-416
-395,-415
-395,-414
-395,-413
-395,-412
-395,-411
-395,-410
-395,-409
-395,-408
-395,-407
-395,-406
-395,-405
-395,-404
-395,-403
-395,-402
-395,-401
-395,-400
-395,-399
-395,-398
-395,-397
-395,-396
-395,-395
-395,-394
-395,-393
-395,-392
-395,-391
-395,-390
-395,-389
-395,-388
-395,-387
-395,-386
-395,-385
-395,-384
-395,-383
-395,-382
-395,-381
-395,-380
-395,-379
-395,-378
-395,-377
-395,-376
-395,-375
-395,-374
-395,-373
-395,-372
-395,-371
-395,-370
-395,-369
-395,-368
-395,-367
-395,-366
-395,-365
-395,-364
-395,-363
-395,-362
-395,-361
-395,-360
-825,-425
-824,-425
-823,-425
-822,-425
-821,-425
-820,-425
-819,-425
-818,-425
-817,-425
-816,-425
-815,-425
-814,-425
-813,-425
-812,-425
-811,-425
-810,-425
-809,-425
-808,-425
-807,-425
-806,-425
-805,-425
-804,-425
-803,-425
-802,-425
-801,-425
-800,-425
-799,-425
-798,-425
-797,-425
-796,-425
-795,-425
-794,-425
-793,-425
-792,-425
-791,-425
-790,-425
-789,-425
-788,-425
-787,-425
-786,-425
-785,-425
-784,-425
-783,-425
-782,-425
-781,-425
-780,-425
-779,-425
-778,-425
-777,-425
-776,-425
-775,-425
-774,-425
-773,-425
-772,-425
-771,-425
-770,-425
-769,-425
-768,-425
-767,-425
-766,-425
-765,-425
-764,-425
-763,-425
-762,-425
-761,-425
-760,-425
-759,-425
-758,-425
-757,-425
-756,-425
-755,-425
-754,-425
-753,-425
-752,-425
-751,-425
-750,-425
-749,-425
-748,-425
-747,-425
-746,-425
-745,-425
-744,-425
-743,-425
-742,-425
-741,-425
-740,-425
-739,-425
-738,-425
-737,-425
-736,-425
-735,-425
-734,-425
-733,-425
-732,-425
-731,-425
-730,-425
-729,-425
-728,-425
-727,-425
-726,-425
-725,-425
-724,-425
-723,-425
-722,-425
-721,-425
-720,-425
-719,-425
-718,-425
-717,-425
-716,-425
-715,-425
-714,-425
-713,-425
-712,-425
-711,-425
-710,-425
-709,-425
-708,-425
-707,-425
-706,-425
-705,-425
-704,-425
-703,-425
-702,-425
-701,-425
-700,-425
-699,-425
-698,-425
-697,-425
-696,-425
-695,-425
-694,-425
-693,-425
-692,-425
-691,-425
-690,-425
-689,-425
-688,-425
-687,-425
-686,-425
-685,-425
-684,-425
-683,-425
-682,-425
-681,-425
-680,-425
-679,-425
-678,-425
-677,-425
-676,-425
-675,-425
-674,-425
-673,-425
-672,-425
-671,-425
-670,-425
-669,-425
-668,-425
-667,-425
-666,-425
-665,-425
-664,-425
-663,-425
-662,-425
-661,-425
-660,-425
-659,-425
-658,-425
-657,-425
-656,-425
-655,-425
-654,-425
-653,-425
-652,-425
-651,-425
-650,-425
-649,-425
-648,-425
-647,-425
-646,-425
-645,-425
-644,-425
-643,-425
-642,-425
-641,-425
-640,-425
-639,-425
-638,-425
-637,-425
-636,-425
-635,-425
-634,-425
-633,-425
-632,-425
-631,-425
-630,-425
-629,-425
-628,-425
-627,-425
-626,-425
-625,-425
-624,-425
-623,-425
-622,-425
-621,-425
-620,-425
-619,-425
-618,-425
-617,-425
-616,-425
-615,-425
-614,-425
-613,-425
-612,-425
-611,-425
-610,-425
-609,-425
-608,-425
-607,-425
-606,-425
-605,-425
-604,-425
-603,-425
-602,-425
-601,-425
-600,-425
-599,-425
-598,-425
-597,-425
-596,-425
-595,-425
-594,-425
-593,-425
-592,-425
-591,-425
-590,-425
-589,-425
-588,-425
-587,-425
-586,-425
-585,-425
-584,-425
-583,-425
-582,-425
-581,-425
-580,-425
-579,-425
-578,-425
-577,-425
-576,-425
-575,-425
-574,-425
-573,-425
-572,-425
-571,-425
-570,-425
-569,-425
-568,-425
-567,-425
-566,-425
-565,-425
-564,-425
-563,-425
-562,-425
-561,-425
-560,-425
-559,-425
-558,-425
-557,-425
-556,-425
-555,-425
-554,-425
-553,-425
-552,-425
-551,-425
-550,-425
-549,-425
-548,-425
-547,-425
-546,-425
-545,-425
-544,-425
-543,-425
-542,-425
-541,-425
-540,-425
-539,-425
-538,-425
-537,-425
-536,-425
-535,-425
-534,-425
-533,-425
-532,-425
-531,-425
-530,-425
-825,-215
-824,-215
-823,-215
-822,-215
-821,-215
-820,-215
-819,-215
-818,-215
-817,-215
-816,-215
-815,-215
-814,-215
-813,-215
-812,-215
-811,-215
-810,-215
-809,-215
-808,-215
-807,-215
-806,-215
-805,-215
-804,-215
-803,-215
-802,-215
-801,-215
-800,-215
-799,-215
-798,-215
-797,-215
-796,-215
-795,-215
-794,-215
-793,-215
-792,-215
-791,-215
-790,-215
-789,-215
-788,-215
-787,-215
-786,-215
-785,-215
-784,-215
-783,-215
-782,-215
-781,-215
-780,-215
-779,-215
-778,-215
-777,-215
-776,-215
-775,-215
-774,-215
-773,-215
-772,-215
-771,-215
-770,-215
-769,-215
-768,-215
-767,-215
-766,-215
-765,-215
-764,-215
-763,-215
-762,-215
-761,-215
-760,-215
-759,-215
-758,-215
-757,-215
-756,-215
-755,-215
-754,-215
-753,-215
-752,-215
-751,-215
-750,-215
-749,-215
-748,-215
-747,-215
-746,-215
-745,-215
-744,-215
-743,-215
-742,-215
-741,-215
-740,-215
-739,-215
-738,-215
-737,-215
-736,-215
-735,-215
-734,-215
-733,-215
-732,-215
-731,-215
-730,-215
-729,-215
-728,-215
-727,-215
-726,-215
-725,-215
-724,-215
-723,-215
-722,-215
-721,-215
-720,-215
-719,-215
-718,-215
-717,-215
-716,-215
-715,-215
-714,-215
-713,-215
-712,-215
-711,-215
-710,-215
-709,-215
-708,-215
-707,-215
-706,-215
-705,-215
-704,-215
-703,-215
-702,-215
-701,-215
-700,-215
-699,-215
-698,-215
-697,-215
-696,-215
-695,-215
-694,-215
-693,-215
-692,-215
-691,-215
-690,-215
-689,-215
-688,-215
-687,-215
-686,-215
-685,-215
-684,-215
-683,-215
-682,-215
-681,-215
-680,-215
-679,-215
-678,-215
-677,-215
-676,-215
-675,-215
-674,-215
-673,-215
-672,-215
-671,-215
-670,-215
-669,-215
-668,-215
-667,-215
-666,-215
-665,-215
-664,-215
-663,-215
-662,-215
-661,-215
-660,-215
-659,-215
-658,-215
-657,-215
-656,-215
-655,-215
-654,-215
-653,-215
-652,-215
-651,-215
-650,-215
-649,-215
-648,-215
-647,-215
-646,-215
-645,-215
-644,-215
-643,-215
-642,-215
-641,-215
-640,-215
-639,-215
-638,-215
-637,-215
-636,-215
-635,-215
-634,-215
-633,-215
-632,-215
-631,-215
-630,-215
-629,-215
-628,-215
-627,-215
-626,-215
-625,-215
-624,-215
-623,-215
-622,-215
-621,-215
-620,-215
-619,-215
-618,-215
-617,-215
-616,-215
-615,-215
-614,-215
-613,-215
-612,-215
-611,-215
-610,-215
-609,-215
-608,-215
-607,-215
-606,-215
-605,-215
-604,-215
-603,-215
-602,-215
-601,-215
-600,-215
-599,-215
-598,-215
-597,-215
-596,-215
-595,-215
-594,-215
-593,-215
-592,-215
-591,-215
-590,-215
-589,-215
-588,-215
-587,-215
-586,-215
-585,-215
-584,-215
-583,-215
-582,-215
-581,-215
-580,-215
-579,-215
-578,-215
-577,-215
-576,-215
-575,-215
-574,-215
-573,-215
-572,-215
-571,-215
-570,-215
-569,-215
-568,-215
-567,-215
-566,-215
-565,-215
-564,-215
-563,-215
-562,-215
-561,-215
-560,-215
-559,-215
-558,-215
-557,-215
-556,-215
-555,-215
-554,-215
-553,-215
-552,-215
-551,-215
-550,-215
-549,-215
-548,-215
-547,-215
-546,-215
-545,-215
-544,-215
-543,-215
-542,-215
-541,-215
-540,-215
-539,-215
-538,-215
-537,-215
-536,-215
-535,-215
-534,-215
-533,-215
-532,-215
-531,-215
-530,-215
-825,-15
-824,-15
-823,-15
-822,-15
-821,-15
-820,-15
-819,-15
-818,-15
-817,-15
-816,-15
-815,-15
-814,-15
-813,-15
-812,-15
-811,-15
-810,-15
-809,-15
-808,-15
-807,-15
-806,-15
-805,-15
-804,-15
-803,-15
-802,-15
-801,-15
-800,-15
-799,-15
-798,-15
-797,-15
-796,-15
-795,-15
-794,-15
-793,-15
-792,-15
-791,-15
-790,-15
-789,-15
-788,-15
-787,-15
-786,-15
-785,-15
-784,-15
-783,-15
-782,-15
-781,-15
-780,-15
-779,-15
-778,-15
-777,-15
-776,-15
-775,-15
-774,-15
-773,-15
-772,-15
-771,-15
-770,-15
-769,-15
-768,-15
-767,-15
-766,-15
-765,-15
-764,-15
-763,-15
-762,-15
-761,-15
-760,-15
-759,-15
-758,-15
-757,-15
-756,-15
-755,-15
-754,-15
-753,-15
-752,-15
-751,-15
-750,-15
-749,-15
-748,-15
-747,-15
-746,-15
-745,-15
-744,-15
-743,-15
-742,-15
-741,-15
-740,-15
-739,-15
-738,-15
-737,-15
-736,-15
-735,-15
-734,-15
-733,-15
-732,-15
-731,-15
-730,-15
-729,-15
-728,-15
-727,-15
-726,-15
-725,-15
-724,-15
-723,-15
-722,-15
-721,-15
-720,-15
-719,-15
-718,-15
-717,-15
-716,-15
-715,-15
-714,-15
-713,-15
-712,-15
-711,-15
-710,-15
-709,-15
-708,-15
-707,-15
-706,-15
-705,-15
-704,-15
-703,-15
-702,-15
-701,-15
-700,-15
-699,-15
-698,-15
-697,-15
-696,-15
-695,-15
-694,-15
-693,-15
-692,-15
-691,-15
-690,-15
-689,-15
-688,-15
-687,-15
-686,-15
-685,-15
-684,-15
-683,-15
-682,-15
-681,-15
-680,-15
-679,-15
-678,-15
-677,-15
-676,-15
-675,-15
-674,-15
-673,-15
-672,-15
-671,-15
-670,-15
-669,-15
-668,-15
-667,-15
-666,-15
-665,-15
-664,-15
-663,-15
-662,-15
-661,-15
-660,-15
-659,-15
-658,-15
-657,-15
-656,-15
-655,-15
-654,-15
-653,-15
-652,-15
-651,-15
-650,-15
-649,-15
-648,-15
-647,-15
-646,-15
-645,-15
-644,-15
-643,-15
-642,-15
-641,-15
-640,-15
-639,-15
-638,-15
-637,-15
-636,-15
-635,-15
-634,-15
-633,-15
-632,-15
-631,-15
-630,-15
-629,-15
-628,-15
-627,-15
-626,-15
-625,-15
-624,-15
-623,-15
-622,-15
-621,-15
-620,-15
-619,-15
-618,-15
-617,-15
-616,-15
-615,-15
-614,-15
-613,-15
-612,-15
-611,-15
-610,-15
-609,-15
-608,-15
-607,-15
-606,-15
-605,-15
-604,-15
-603,-15
-602,-15
-601,-15
-600,-15
-599,-15
-598,-15
-597,-15
-596,-15
-595,-15
-594,-15
-593,-15
-592,-15
-591,-15
-590,-15
-589,-15
-588,-15
-587,-15
-586,-15
-585,-15
-584,-15
-583,-15
-582,-15
-581,-15
-580,-15
-579,-15
-578,-15
-577,-15
-576,-15
-575,-15
-574,-15
-573,-15
-572,-15
-571,-15
-570,-15
-569,-15
-568,-15
-567,-15
-566,-15
-565,-15
-564,-15
-563,-15
-562,-15
-561,-15
-560,-15
-559,-15
-558,-15
-557,-15
-556,-15
-555,-15
-554,-15
-553,-15
-552,-15
-551,-15
-550,-15
-549,-15
-548,-15
-547,-15
-546,-15
-545,-15
-544,-15
-543,-15
-542,-15
-541,-15
-540,-15
-539,-15
-538,-15
-537,-15
-536,-15
-535,-15
-534,-15
-533,-15
-532,-15
-531,-15
-530,-15
-529,-15
-528,-15
-527,-15
-526,-15
-525,-15
-524,-15
-523,-15
-522,-15
-521,-15
-520,-15
-519,-15
-518,-15
-517,-15
-516,-15
-515,-15
-514,-15
-513,-15
-512,-15
-511,-15
-510,-15
-509,-15
-508,-15
-507,-15
-506,-15
-505,-15
-504,-15
-503,-15
-502,-15
-501,-15
-500,-15
-499,-15
-498,-15
-497,-15
-496,-15
-495,-15
-494,-15
-493,-15
-492,-15
-491,-15
-490,-15
-489,-15
-488,-15
-487,-15
-486,-15
-485,-15
-484,-15
-483,-15
-482,-15
-481,-15
-480,-15
-479,-15
-478,-15
-477,-15
-476,-15
-475,-15
-474,-15
-473,-15
-472,-15
-471,-15
-470,-15
-469,-15
-468,-15
-467,-15
-466,-15
-465,-15
-464,-15
-463,-15
-462,-15
-461,-15
-460,-15
-459,-15
-458,-15
-457,-15
-456,-15
-455,-15
-454,-15
-453,-15
-452,-15
-451,-15
-450,-15
-449,-15
-448,-15
-447,-15
-446,-15
-445,-15
-444,-15
-443,-15
-442,-15
-441,-15
-440,-15
-439,-15
-438,-15
-437,-15
-436,-15
-435,-15
-434,-15
-433,-15
-432,-15
-431,-15
-430,-15
-429,-15
-428,-15
-427,-15
-426,-15
-425,-15
-424,-15
-423,-15
-422,-15
-421,-15
-420,-15
-419,-15
-418,-15
-417,-15
-416,-15
-415,-15
-414,-15
-413,-15
-412,-15
-411,-15
-410,-15
-409,-15
-408,-15
-407,-15
-406,-15
-405,-15
-404,-15
-403,-15
-402,-15
-401,-15
-400,-15
-399,-15
-398,-15
-397,-15
-396,-15
-395,-15
-394,-15
-393,-15
-392,-15
-391,-15
-390,-15
-389,-15
-388,-15
-387,-15
-386,-15
-385,-15
-384,-15
-383,-15
-382,-15
-381,-15
-380,-15
-379,-15
-378,-15
-377,-15
-376,-15
-375,-15
-374,-15
-373,-15
-372,-15
-371,-15
-370,-15
-369,-15
-368,-15
-367,-15
-366,-15
-365,-15
-364,-15
-363,-15
-362,-15
-361,-15
-360,-15
-359,-15
-358,-15
-357,-15
-356,-15
-355,-15
-354,-15
-353,-15
-352,-15
-351,-15
-350,-15
-349,-15
-348,-15
-347,-15
-346,-15
-345,-15
-344,-15
-343,-15
-342,-15
-341,-15
-340,-15
-339,-15
-338,-15
-337,-15
-336,-15
-335,-15
-334,-15
-333,-15
-332,-15
-331,-15
-330,-15
-329,-15
-328,-15
-327,-15
-326,-15
-325,-15
-324,-15
-323,-15
-322,-15
-321,-15
-320,-15
-319,-15
-318,-15
-317,-15
-316,-15
-315,-15
-314,-15
-313,-15
-312,-15
-311,-15
-310,-15
-309,-15
-308,-15
-307,-15
-306,-15
-305,-15
-304,-15
-303,-15
-302,-15
-301,-15
-300,-15
-299,-15
-298,-15
-297,-15
-296,-15
-295,-15
-294,-15
-293,-15
-292,-15
-291,-15
-290,-15
-289,-15
-288,-15
-287,-15
-286,-15
-285,-15
-284,-15
-283,-15
-282,-15
-281,-15
-280,-15
-279,-15
-278,-15
-277,-15
-276,-15
-275,-15
-274,-15
-273,-15
-272,-15
-271,-15
-270,-15
-269,-15
-268,-15
-267,-15
-266,-15
-265,-15
-264,-15
-263,-15
-262,-15
-261,-15
-260,-15
-259,-15
-258,-15
-257,-15
-256,-15
-255,-15
-254,-15
-253,-15
-252,-15
-251,-15
-250,-15
-249,-15
-248,-15
-247,-15
-246,-15
-245,-15
-244,-15
-243,-15
-242,-15
-241,-15
-240,-15
-239,-15
-238,-15
-237,-15
-236,-15
-235,-15
-234,-15
-233,-15
-232,-15
-231,-15
-230,-15
-229,-15
-228,-15
-227,-15
-226,-15
-225,-15
-224,-15
-223,-15
-222,-15
-221,-15
-220,-15
-219,-15
-218,-15
-217,-15
-216,-15
-215,-15
-214,-15
-213,-15
-212,-15
-211,-15
-210,-15
-209,-15
-208,-15
-207,-15
-206,-15
-205,-15
-204,-15
-203,-15
-202,-15
-201,-15
-200,-15
-199,-15
-198,-15
-197,-15
-196,-15
-195,-15
-194,-15
-193,-15
-192,-15
-191,-15
-190,-15
-189,-15
-188,-15
-187,-15
-186,-15
-185,-15
-184,-15
-183,-15
-182,-15
-181,-15
-180,-15
-179,-15
-178,-15
-177,-15
-176,-15
-175,-15
-174,-15
-173,-15
-172,-15
-171,-15
-170,-15
-169,-15
-168,-15
-167,-15
-166,-15
-165,-15
-164,-15
-163,-15
-162,-15
-161,-15
-160,-15
-159,-15
-158,-15
-157,-15
-156,-15
-155,-15
-154,-15
-153,-15
-152,-15
-151,-15
-150,-15
-149,-15
-148,-15
-147,-15
-146,-15
-145,-15
-144,-15
-143,-15
-142,-15
-141,-15
-140,-15
-139,-15
-138,-15
-137,-15
-136,-15
-135,-15
-134,-15
-133,-15
-132,-15
-131,-15
-130,-15
-129,-15
-128,-15
-127,-15
-126,-15
-125,-15
-124,-15
-123,-15
-122,-15
-121,-15
-120,-15
-119,-15
-118,-15
-117,-15
-116,-15
-115,-15
-114,-15
-113,-15
-112,-15
-111,-15
-110,-15
-109,-15
-108,-15
-107,-15
-106,-15
-105,-15
-104,-15
-103,-15
-102,-15
-101,-15
-100,-15
-99,-15
-98,-15
-97,-15
-96,-15
-95,-15
-94,-15
-93,-15
-92,-15
-91,-15
-90,-15
-680,-105
-680,-104
-680,-103
-680,-102
-680,-101
-680,-100
-680,-99
-680,-98
-680,-97
-680,-96
-680,-95
-680,-94
-680,-93
-680,-92
-680,-91
-680,-90
-680,-89
-680,-88
-680,-87
-680,-86
-680,-85
-680,-84
-680,-83
-680,-82
-680,-81
-680,-80
-680,-79
-680,-78
-680,-77
-680,-76
-680,-75
-680,-74
-680,-73
-680,-72
-680,-71
-680,-70
-680,-69
-680,-68
-680,-67
-680,-66
-680,-65
-680,-64
-680,-63
-680,-62
-680,-61
-680,-60
-680,-59
-680,-58
-680,-57
-680,-56
-680,-55
-680,-54
-680,-53
-680,-52
-680,-51
-680,-50
-680,-49
-680,-48
-680,-47
-680,-46
-680,-45
-680,-44
-680,-43
-680,-42
-680,-41
-680,-40
-680,-39
-680,-38
-680,-37
-680,-36
-680,-35
-680,-34
-680,-33
-680,-32
-680,-31
-680,-30
-680,-29
-680,-28
-680,-27
-680,-26
-680,-25
-680,-24
-680,-23
-680,-22
-680,-21
-680,-20
-825,-105
-824,-105
-823,-105
-822,-105
-821,-105
-820,-105
-819,-105
-818,-105
-817,-105
-816,-105
-815,-105
-814,-105
-813,-105
-812,-105
-811,-105
-810,-105
-809,-105
-808,-105
-807,-105
-806,-105
-805,-105
-804,-105
-803,-105
-802,-105
-801,-105
-800,-105
-799,-105
-798,-105
-797,-105
-796,-105
-795,-105
-794,-105
-793,-105
-792,-105
-791,-105
-790,-105
-789,-105
-788,-105
-787,-105
-786,-105
-785,-105
-784,-105
-783,-105
-782,-105
-781,-105
-780,-105
-779,-105
-778,-105
-777,-105
-776,-105
-775,-105
-774,-105
-773,-105
-772,-105
-771,-105
-770,-105
-769,-105
-768,-105
-767,-105
-766,-105
-765,-105
-764,-105
-763,-105
-762,-105
-761,-105
-760,-105
-759,-105
-758,-105
-757,-105
-756,-105
-755,-105
-754,-105
-753,-105
-752,-105
-751,-105
-750,-105
-749,-105
-748,-105
-747,-105
-746,-105
-745,-105
-744,-105
-743,-105
-742,-105
-741,-105
-740,-105
-739,-105
-738,-105
-737,-105
-736,-105
-735,-105
-734,-105
-733,-105
-732,-105
-731,-105
-730,-105
-729,-105
-728,-105
-727,-105
-726,-105
-725,-105
-724,-105
-723,-105
-722,-105
-721,-105
-720,-105
-719,-105
-718,-105
-717,-105
-716,-105
-715,-105
-714,-105
-713,-105
-712,-105
-711,-105
-710,-105
-709,-105
-708,-105
-707,-105
-706,-105
-705,-105
-704,-105
-703,-105
-702,-105
-701,-105
-700,-105
-699,-105
-698,-105
-697,-105
-696,-105
-695,-105
-694,-105
-693,-105
-692,-105
-691,-105
-690,-105
-689,-105
-688,-105
-687,-105
-686,-105
-685,-105
-684,-105
-683,-105
-682,-105
-681,-105
-680,-105

-155,-134
-155,-133
-155,-132
-155,-131
-155,-130
-155,-129
-155,-128
-155,-127
-155,-126
-155,-125
-155,-124
-155,-123
-155,-122
-155,-121
-155,-120
-155,-119
-155,-118
-155,-117
-155,-116
-155,-115
-155,-114
-155,-113
-155,-112
-155,-111
-155,-110
-155,-109
-155,-108
-155,-107
-155,-106
-155,-105
-155,-104
-155,-103
-155,-102
-155,-101
-155,-100
-155,-99
-155,-98
-155,-97
-155,-96
-155,-95
-155,-94
-155,-93
-155,-92
-155,-91
-155,-90
-155,-89
-155,-88
-155,-87
-155,-86
-155,-85
-155,-84
-155,-83
-155,-82
-155,-81
-155,-80
-155,-79
-155,-78
-155,-77
-155,-76
-155,-75
-155,-74
-155,-73
-155,-72
-155,-71
-155,-70
-155,-69
-155,-68
-155,-67
-155,-66
-155,-65
-145,-180
-144,-180
-143,-180
-142,-180
-141,-180
-140,-180
-139,-180
-138,-180
-137,-180
-136,-180
-135,-180
-134,-180
-133,-180
-132,-180
-131,-180
-130,-180
-129,-180
-128,-180
-127,-180
-126,-180
-125,-180
-124,-180
-123,-180
-122,-180
-121,-180
-120,-180
-119,-180
-118,-180
-117,-180
-116,-180
-115,-180
-114,-180
-113,-180
-112,-180
-111,-180
-110,-180
-109,-180
-108,-180
-107,-180
-106,-180
-105,-180
-104,-180
-103,-180
-102,-180
-101,-180
-100,-180
-99,-180
-98,-180
-97,-180
-96,-180
-95,-180
-95,-270
-95,-269
-95,-268
-95,-267
-95,-266
-95,-265
-95,-264
-95,-263
-95,-262
-95,-261
-95,-260
-95,-259
-95,-258
-95,-257
-95,-256
-95,-255
-95,-254
-95,-253
-95,-252
-95,-251
-95,-250
-95,-249
-95,-248
-95,-247
-95,-246
-95,-245
-95,-244
-95,-243
-95,-242
-95,-241
-95,-240
-95,-239
-95,-238
-95,-237
-95,-236
-95,-235
-95,-234
-95,-233
-95,-232
-95,-231
-95,-230
-95,-229
-95,-228
-95,-227
-95,-226
-95,-225
-95,-224
-95,-223
-95,-222
-95,-221
-95,-220
-95,-219
-95,-218
-95,-217
-95,-216
-95,-215
-95,-214
-95,-213
-95,-212
-95,-211
-95,-210
-95,-209
-95,-208
-95,-207
-95,-206
-95,-205
-95,-204
-95,-203
-95,-202
-95,-201
-95,-200
-95,-199
-95,-198
-95,-197
-95,-196
-95,-195
-95,-194
-95,-193
-95,-192
-95,-191
-95,-190
-270,-290
-269,-290
-268,-290
-267,-290
-266,-290
-265,-290
-264,-290
-263,-290
-262,-290
-261,-290
-260,-290
-259,-290
-258,-290
-257,-290
-256,-290
-255,-290
-254,-290
-253,-290
-252,-290
-251,-290
-250,-290
-249,-290
-248,-290
-247,-290
-246,-290
-245,-290
-244,-290
-243,-290
-242,-290
-241,-290
-240,-290
-239,-290
-238,-290
-237,-290
-236,-290
-235,-290
-234,-290
-233,-290
-232,-290
-231,-290
-230,-290
-229,-290
-228,-290
-227,-290
-226,-290
-225,-290
-224,-290
-223,-290
-222,-290
-221,-290
-220,-290
-335,-180
-334,-180
-333,-180
-332,-180
-331,-180
-330,-180
-329,-180
-328,-180
-327,-180
-326,-180
-325,-180
-324,-180
-323,-180
-322,-180
-321,-180
-320,-180
-319,-180
-318,-180
-317,-180
-316,-180
-315,-180
-314,-180
-313,-180
-312,-180
-311,-180
-310,-180
-309,-180
-308,-180
-307,-180
-306,-180
-305,-180
-304,-180
-303,-180
-302,-180
-301,-180
-300,-180
-299,-180
-298,-180
-297,-180
-296,-180
-295,-180
-294,-180
-293,-180
-292,-180
-291,-180
-290,-180
-289,-180
-288,-180
-287,-180
-286,-180
-285,-180
-284,-180
-283,-180
-282,-180
-281,-180
-280,-180
-279,-180
-278,-180
-277,-180
-276,-180
-275,-180
-274,-180
-273,-180
-272,-180
-271,-180
-270,-180
-269,-180
-268,-180
-267,-180
-266,-180
-265,-180
-264,-180
-263,-180
-262,-180
-261,-180
-260,-180
-259,-180
-258,-180
-257,-180
-256,-180
-255,-180
-254,-180
-253,-180
-252,-180
-251,-180
-250,-180
-249,-180
-248,-180
-247,-180
-246,-180
-245,-180
-244,-180
-243,-180
-242,-180
-241,-180
-240,-180
-239,-180
-238,-180
-237,-180
-236,-180
-235,-180
-415,-320
-414,-320
-413,-320
-412,-320
-411,-320
-410,-320
-409,-320
-408,-320
-407,-320
-406,-320
-405,-320
-404,-320
-403,-320
-402,-320
-401,-320
-400,-320
-399,-320
-398,-320
-397,-320
-396,-320
-395,-320
-394,-320
-393,-320
-392,-320
-391,-320
-390,-320
-389,-320
-388,-320
-387,-320
-386,-320
-385,-320
-384,-320
-383,-320
-382,-320
-381,-320
-380,-320
-379,-320
-378,-320
-377,-320
-376,-320
-375,-320
-374,-320
-373,-320
-372,-320
-371,-320
-370,-320
-369,-320
-368,-320
-367,-320
-366,-320
-365,-320
-364,-320
-363,-320
-362,-320
-361,-320
-360,-320
-359,-320
-358,-320
-357,-320
-356,-320
-355,-320
-354,-320
-353,-320
-352,-320
-351,-320
-350,-320
-349,-320
-348,-320
-347,-320
-346,-320
-345,-320
-344,-320
-343,-320
-342,-320
-341,-320
-340,-320
-339,-320
-338,-320
-337,-320
-336,-320
-335,-320
-334,-320
-333,-320
-332,-320
-331,-320
-330,-320
-329,-320
-328,-320
-327,-320
-326,-320
-325,-320
-324,-320
-323,-320
-322,-320
-321,-320
-320,-320
-319,-320
-318,-320
-317,-320
-316,-320
-315,-320
-314,-320
-313,-320
-312,-320
-311,-320
-310,-320
-309,-320
-308,-320
-307,-320
-306,-320
-305,-320
-304,-320
-303,-320
-302,-320
-301,-320
-300,-320
-299,-320
-298,-320
-297,-320
-296,-320
-295,-320
-294,-320
-293,-320
-292,-320
-291,-320
-290,-320
-289,-320
-288,-320
-287,-320
-286,-320
-285,-320
-284,-320
-283,-320
-282,-320
-281,-320
-280,-320
-279,-320
-278,-320
-277,-320
-276,-320
-275,-320
-274,-320
-273,-320
-272,-320
-271,-320
-270,-320
-269,-320
-268,-320
-267,-320
-266,-320
-265,-320
-264,-320
-263,-320
-262,-320
-261,-320
-260,-320
-259,-320
-258,-320
-257,-320
-256,-320
-255,-320
-254,-320
-253,-320
-252,-320
-251,-320
-250,-320
-249,-320
-248,-320
-247,-320
-246,-320
-245,-320
-244,-320
-243,-320
-242,-320
-241,-320
-240,-320
-239,-320
-238,-320
-237,-320
-236,-320
-235,-320
-234,-320
-233,-320
-232,-320
-231,-320
-230,-320
-229,-320
-228,-320
-227,-320
-226,-320
-225,-320
-224,-320
-223,-320
-222,-320
-221,-320
-220,-320
-445,-355
-444,-355
-443,-355
-442,-355
-441,-355
-440,-355
-439,-355
-438,-355
-437,-355
-436,-355
-435,-355
-434,-355
-433,-355
-432,-355
-431,-355
-430,-355
-429,-355
-428,-355
-427,-355
-426,-355
-425,-355
-424,-355
-423,-355
-422,-355
-421,-355
-420,-355
-419,-355
-418,-355
-417,-355
-416,-355
-415,-355
-414,-355
-413,-355
-412,-355
-411,-355
-410,-355
-409,-355
-408,-355
-407,-355
-406,-355
-405,-355
-404,-355
-403,-355
-402,-355
-401,-355
-400,-355
-399,-355
-398,-355
-397,-355
-396,-355
-395,-355
-394,-355
-393,-355
-392,-355
-391,-355
-390,-355
-530,-355
-529,-355
-528,-355
-527,-355
-526,-355
-525,-355
-524,-355
-523,-355
-522,-355
-521,-355
-520,-355
-519,-355
-518,-355
-517,-355
-516,-355
-515,-355
-514,-355
-513,-355
-512,-355
-511,-355
-510,-355
-535,-415
-535,-414
-535,-413
-535,-412
-535,-411
-535,-410
-535,-409
-535,-408
-535,-407
-535,-406
-535,-405
-535,-404
-535,-403
-535,-402
-535,-401
-535,-400
-535,-399
-535,-398
-535,-397
-535,-396
-535,-395
-535,-394
-535,-393
-535,-392
-535,-391
-535,-390
-535,-389
-535,-388
-535,-387
-535,-386
-535,-385
-535,-384
-535,-383
-535,-382
-535,-381
-535,-380
-535,-379
-535,-378
-535,-377
-535,-376
-535,-375
-535,-374
-535,-373
-535,-372
-535,-371
-535,-370
-535,-369
-535,-368
-535,-367
-535,-366
-535,-365
-535,-364
-535,-363
-535,-362
-535,-361
-535,-360
-535,-359
-535,-358
-535,-357
-535,-356
-535,-355
-535,-354
-535,-353
-535,-352
-535,-351
-535,-350
-535,-349
-535,-348
-535,-347
-535,-346
-535,-345
-535,-344
-535,-343
-535,-342
-535,-341
-535,-340
-535,-339
-535,-338
-535,-337
-535,-336
-535,-335
-535,-334
-535,-333
-535,-332
-535,-331
-535,-330
-535,-329
-535,-328
-535,-327
-535,-326
-535,-325
-535,-324
-535,-323
-535,-322
-535,-321
-535,-320
-535,-319
-535,-318
-535,-317
-535,-316
-535,-315
-535,-314
-535,-313
-535,-312
-535,-311
-535,-310
-535,-309
-535,-308
-535,-307
-535,-306
-535,-305
-535,-304
-535,-303
-535,-302
-535,-301
-535,-300
-535,-299
-535,-298
-535,-297
-535,-296
-535,-295
-535,-294
-535,-293
-535,-292
-535,-291
-535,-290
-535,-289
-535,-288
-535,-287
-535,-286
-535,-285
-535,-284
-535,-283
-535,-282
-535,-281
-535,-280
-535,-279
-535,-278
-535,-277
-535,-276
-535,-275
-535,-274
-535,-273
-535,-272
-535,-271
-535,-270
-535,-269
-535,-268
-535,-267
-535,-266
-535,-265
-535,-264
-535,-263
-535,-262
-535,-261
-535,-260
-535,-259
-535,-258
-535,-257
-535,-256
-535,-255
-535,-254
-535,-253
-535,-252
-535,-251
-535,-250
-535,-249
-535,-248
-535,-247
-535,-246
-535,-245
-535,-244
-535,-243
-535,-242
-535,-241
-535,-240
-535,-239
-535,-238
-535,-237
-535,-236
-535,-235
-535,-234
-535,-233
-535,-232
-535,-231
-535,-230
-535,-229
-535,-228
-535,-227
-535,-226
-535,-225
-535,-224
-535,-223
-535,-222
-535,-221
-535,-220
-655,-420
-654,-420
-653,-420
-652,-420
-651,-420
-650,-420
-649,-420
-648,-420
-647,-420
-646,-420
-645,-420
-644,-420
-643,-420
-642,-420
-641,-420
-640,-420
-639,-420
-638,-420
-637,-420
-636,-420
-635,-420
-634,-420
-633,-420
-632,-420
-631,-420
-630,-420
-629,-420
-628,-420
-627,-420
-626,-420
-625,-420
-624,-420
-623,-420
-622,-420
-621,-420
-620,-420
-619,-420
-618,-420
-617,-420
-616,-420
-615,-420
-614,-420
-613,-420
-612,-420
-611,-420
-610,-420
-609,-420
-608,-420
-607,-420
-606,-420
-605,-420
-604,-420
-603,-420
-602,-420
-601,-420
-600,-420
-599,-420
-598,-420
-597,-420
-596,-420
-595,-420
-594,-420
-593,-420
-592,-420
-591,-420
-590,-420
-589,-420
-588,-420
-587,-420
-586,-420
-585,-420
-584,-420
-583,-420
-582,-420
-581,-420
-580,-420
-579,-420
-578,-420
-577,-420
-576,-420
-575,-420
-574,-420
-573,-420
-572,-420
-571,-420
-570,-420
-569,-420
-568,-420
-567,-420
-566,-420
-565,-420
-564,-420
-563,-420
-562,-420
-561,-420
-560,-420
-559,-420
-558,-420
-557,-420
-556,-420
-555,-420
-554,-420
-553,-420
-552,-420
-551,-420
-550,-420
-549,-420
-548,-420
-547,-420
-546,-420
-545,-420
-544,-420
-543,-420
-542,-420
-541,-420
-540,-420
-820,-420
-819,-420
-818,-420
-817,-420
-816,-420
-815,-420
-814,-420
-813,-420
-812,-420
-811,-420
-810,-420
-809,-420
-808,-420
-807,-420
-806,-420
-805,-420
-804,-420
-803,-420
-802,-420
-801,-420
-800,-420
-799,-420
-798,-420
-797,-420
-796,-420
-795,-420
-794,-420
-793,-420
-792,-420
-791,-420
-790,-420
-789,-420
-788,-420
-787,-420
-786,-420
-785,-420
-784,-420
-783,-420
-782,-420
-781,-420
-780,-420
-779,-420
-778,-420
-777,-420
-776,-420
-775,-420
-774,-420
-773,-420
-772,-420
-771,-420
-770,-420
-769,-420
-768,-420
-767,-420
-766,-420
-765,-420
-764,-420
-763,-420
-762,-420
-761,-420
-760,-420
-759,-420
-758,-420
-757,-420
-756,-420
-755,-420
-754,-420
-753,-420
-752,-420
-751,-420
-750,-420
-749,-420
-748,-420
-747,-420
-746,-420
-745,-420
-744,-420
-743,-420
-742,-420
-741,-420
-740,-420
-739,-420
-738,-420
-737,-420
-736,-420
-735,-420
-734,-420
-733,-420
-732,-420
-731,-420
-730,-420
-729,-420
-728,-420
-727,-420
-726,-420
-725,-420
-724,-420
-723,-420
-722,-420
-721,-420
-720,-420
-719,-420
-718,-420
-717,-420
-716,-420
-715,-420
-820,-465
-819,-465
-818,-465
-817,-465
-816,-465
-815,-465
-814,-465
-813,-465
-812,-465
-811,-465
-810,-465
-809,-465
-808,-465
-807,-465
-806,-465
-805,-465
-804,-465
-803,-465
-802,-465
-801,-465
-800,-465
-799,-465
-798,-465
-797,-465
-796,-465
-795,-465
-794,-465
-793,-465
-792,-465
-791,-465
-790,-465
-789,-465
-788,-465
-787,-465
-786,-465
-785,-465
-784,-465
-783,-465
-782,-465
-781,-465
-780,-465
-779,-465
-778,-465
-777,-465
-776,-465
-775,-465
-774,-465
-773,-465
-772,-465
-771,-465
-770,-465
-769,-465
-768,-465
-767,-465
-766,-465
-765,-465
-764,-465
-763,-465
-762,-465
-761,-465
-760,-465
-759,-465
-758,-465
-757,-465
-756,-465
-755,-465
-754,-465
-753,-465
-752,-465
-751,-465
-750,-465
-749,-465
-748,-465
-747,-465
-746,-465
-745,-465
-744,-465
-743,-465
-742,-465
-741,-465
-740,-465
-739,-465
-738,-465
-737,-465
-736,-465
-735,-465
-734,-465
-733,-465
-732,-465
-731,-465
-730,-465
-729,-465
-728,-465
-727,-465
-726,-465
-725,-465
-724,-465
-723,-465
-722,-465
-721,-465
-720,-465
-719,-465
-718,-465
-717,-465
-716,-465
-715,-465
-825,-465
-824,-465
-823,-465
-822,-465
-821,-465
-820,-465
-819,-465
-818,-465
-817,-465
-816,-465
-815,-465
-814,-465
-813,-465
-812,-465
-811,-465
-810,-465
-809,-465
-808,-465
-807,-465
-806,-465
-805,-465
-804,-465
-803,-465
-802,-465
-801,-465
-800,-465
-799,-465
-798,-465
-797,-465
-796,-465
-795,-465
-794,-465
-793,-465
-792,-465
-791,-465
-790,-465
-789,-465
-788,-465
-787,-465
-786,-465
-785,-465
-784,-465
-783,-465
-782,-465
-781,-465
-780,-465
-779,-465
-778,-465
-777,-465
-776,-465
-775,-465
-774,-465
-773,-465
-772,-465
-771,-465
-770,-465
-769,-465
-768,-465
-767,-465
-766,-465
-765,-465
-764,-465
-763,-465
-762,-465
-761,-465
-760,-465
-759,-465
-758,-465
-757,-465
-756,-465
-755,-465
-754,-465
-753,-465
-752,-465
-751,-465
-750,-465
-749,-465
-748,-465
-747,-465
-746,-465
-745,-465
-744,-465
-743,-465
-742,-465
-741,-465
-740,-465
-739,-465
-738,-465
-737,-465
-736,-465
-735,-465
-734,-465
-733,-465
-732,-465
-731,-465
-730,-465
-729,-465
-728,-465
-727,-465
-726,-465
-725,-465
-724,-465
-723,-465
-722,-465
-721,-465
-720,-465
-719,-465
-718,-465
-717,-465
-716,-465
-715,-465
-714,-465
-713,-465
-712,-465
-711,-465
-710,-465
-709,-465
-708,-465
-707,-465
-706,-465
-705,-465
-704,-465
-703,-465
-702,-465
-701,-465
-700,-465
-699,-465
-698,-465
-697,-465
-696,-465
-695,-465
-694,-465
-693,-465
-692,-465
-691,-465
-690,-465
-689,-465
-688,-465
-687,-465
-686,-465
-685,-465
-684,-465
-683,-465
-682,-465
-681,-465
-680,-465
-679,-465
-678,-465
-677,-465
-676,-465
-675,-465
-674,-465
-673,-465
-672,-465
-671,-465
-670,-465
-669,-465
-668,-465
-667,-465
-666,-465
-665,-465
-664,-465
-663,-465
-662,-465
-661,-465
-660,-465
-659,-465
-658,-465
-657,-465
-656,-465
-655,-465
-654,-465
-653,-465
-652,-465
-651,-465
-650,-465
-649,-465
-648,-465
-647,-465
-646,-465
-645,-465
-644,-465
-643,-465
-642,-465
-641,-465
-640,-465
-639,-465
-638,-465
-637,-465
-636,-465
-635,-465
-634,-465
-633,-465
-632,-465
-631,-465
-630,-465
-629,-465
-628,-465
-627,-465
-626,-465
-625,-465
-624,-465
-623,-465
-622,-465
-621,-465
-620,-465
-619,-465
-618,-465
-617,-465
-616,-465
-615,-465
-614,-465
-613,-465
-612,-465
-611,-465
-610,-465
-609,-465
-608,-465
-607,-465
-606,-465
-605,-465
-604,-465
-603,-465
-602,-465
-601,-465
-600,-465
-599,-465
-598,-465
-597,-465
-596,-465
-595,-465
-594,-465
-593,-465
-592,-465
-591,-465
-590,-465
-589,-465
-588,-465
-587,-465
-586,-465
-585,-465
-584,-465
-583,-465
-582,-465
-581,-465
-580,-465
-579,-465
-578,-465
-577,-465
-576,-465
-575,-465
-574,-465
-573,-465
-572,-465
-571,-465
-570,-465
-569,-465
-568,-465
-567,-465
-566,-465
-565,-465
-564,-465
-563,-465
-562,-465
-561,-465
-560,-465
-559,-465
-558,-465
-557,-465
-556,-465
-555,-465
-554,-465
-553,-465
-552,-465
-551,-465
-550,-465
-549,-465
-548,-465
-547,-465
-546,-465
-545,-465
-544,-465
-543,-465
-542,-465
-541,-465
-540,-465
-539,-465
-538,-465
-537,-465
-536,-465
-535,-465
-534,-465
-533,-465
-532,-465
-531,-465
-530,-465
-529,-465
-528,-465
-527,-465
-526,-465
-525,-465
-524,-465
-523,-465
-522,-465
-521,-465
-520,-465
-519,-465
-518,-465
-517,-465
-516,-465
-515,-465
-514,-465
-513,-465
-512,-465
-511,-465
-510,-465
-509,-465
-508,-465
-507,-465
-506,-465
-505,-465
-504,-465
-503,-465
-502,-465
-501,-465
-500,-465
-499,-465
-498,-465
-497,-465
-496,-465
-495,-465
-494,-465
-493,-465
-492,-465
-491,-465
-490,-465
-489,-465
-488,-465
-487,-465
-486,-465
-485,-465
-484,-465
-483,-465
-482,-465
-481,-465
-480,-465
-479,-465
-478,-465
-477,-465
-476,-465
-475,-465
-474,-465
-473,-465
-472,-465
-471,-465
-470,-465
-469,-465
-468,-465
-467,-465
-466,-465
-465,-465
-464,-465
-463,-465
-462,-465
-461,-465
-460,-465
-459,-465
-458,-465
-457,-465
-456,-465
-455,-465
-454,-465
-453,-465
-452,-465
-451,-465
-450,-465
-449,-465
-448,-465
-447,-465
-446,-465
-445,-465
-444,-465
-443,-465
-442,-465
-441,-465
-440,-465
-439,-465
-438,-465
-437,-465
-436,-465
-435,-465
-434,-465
-433,-465
-432,-465
-431,-465
-430,-465
-429,-465
-428,-465
-427,-465
-426,-465
-425,-465
-424,-465
-423,-465
-422,-465
-421,-465
-420,-465
-419,-465
-418,-465
-417,-465
-416,-465
-415,-465
-414,-465
-413,-465
-412,-465
-411,-465
-410,-465
-409,-465
-408,-465
-407,-465
-406,-465
-405,-465
-404,-465
-403,-465
-402,-465
-401,-465
-400,-465
-399,-465
-398,-465
-397,-465
-396,-465
-395,-465
-394,-465
-393,-465
-392,-465
-391,-465
-390,-465
-389,-465
-388,-465
-387,-465
-386,-465
-385,-465
-384,-465
-383,-465
-382,-465
-381,-465
-380,-465
-379,-465
-378,-465
-377,-465
-376,-465
-375,-465
-374,-465
-373,-465
-372,-465
-371,-465
-370,-465
-369,-465
-368,-465
-367,-465
-366,-465
-365,-465
-364,-465
-363,-465
-362,-465
-361,-465
-360,-465
-359,-465
-358,-465
-357,-465
-356,-465
-355,-465
-354,-465
-353,-465
-352,-465
-351,-465
-350,-465
-349,-465
-348,-465
-347,-465
-346,-465
-345,-465
-344,-465
-343,-465
-342,-465
-341,-465
-340,-465
-339,-465
-338,-465
-337,-465
-336,-465
-335,-465
-334,-465
-333,-465
-332,-465
-331,-465
-330,-465
-329,-465
-328,-465
-327,-465
-326,-465
-325,-465
-324,-465
-323,-465
-322,-465
-321,-465
-320,-465
-319,-465
-318,-465
-317,-465
-316,-465
-315,-465
-314,-465
-313,-465
-312,-465
-311,-465
-310,-465
-309,-465
-308,-465
-307,-465
-306,-465
-305,-465
-304,-465
-303,-465
-302,-465
-301,-465
-300,-465
-299,-465
-298,-465
-297,-465
-296,-465
-295,-465
-294,-465
-293,-465
-292,-465
-291,-465
-290,-465
-289,-465
-288,-465
-287,-465
-286,-465
-285,-465
-284,-465
-283,-465
-282,-465
-281,-465
-280,-465
-279,-465
-278,-465
-277,-465
-276,-465
-275,-465
-274,-465
-273,-465
-272,-465
-271,-465
-270,-465
-269,-465
-268,-465
-267,-465
-266,-465
-265,-465
-264,-465
-263,-465
-262,-465
-261,-465
-260,-465
-259,-465
-258,-465
-257,-465
-256,-465
-255,-465
-254,-465
-253,-465
-252,-465
-251,-465
-250,-465
-249,-465
-248,-465
-247,-465
-246,-465
-245,-465
-244,-465
-243,-465
-242,-465
-241,-465
-240,-465
-239,-465
-238,-465
-237,-465
-236,-465
-235,-465
-234,-465
-233,-465
-232,-465
-231,-465
-230,-465
-229,-465
-228,-465
-227,-465
-226,-465
-225,-465
-224,-465
-223,-465
-222,-465
-221,-465
-220,-465
-219,-465
-218,-465
-217,-465
-216,-465
-215,-465
-214,-465
-213,-465
-212,-465
-211,-465
-210,-465
-209,-465
-208,-465
-207,-465
-206,-465
-205,-465
-204,-465
-203,-465
-202,-465
-201,-465
-200,-465
-199,-465
-198,-465
-197,-465
-196,-465
-195,-465
-194,-465
-193,-465
-192,-465
-191,-465
-190,-465
-189,-465
-188,-465
-187,-465
-186,-465
-185,-465
-184,-465
-183,-465
-182,-465
-181,-465
-180,-465
-179,-465
-178,-465
-177,-465
-176,-465
-175,-465
-174,-465
-173,-465
-172,-465
-171,-465
-170,-465
-169,-465
-168,-465
-167,-465
-166,-465
-165,-465
-164,-465
-163,-465
-162,-465
-161,-465
-160,-465
-159,-465
-158,-465
-157,-465
-156,-465
-155,-465
-154,-465
-153,-465
-152,-465
-151,-465
-150,-465
-149,-465
-148,-465
-147,-465
-146,-465
-145,-465
-144,-465
-143,-465
-142,-465
-141,-465
-140,-465
-139,-465
-138,-465
-137,-465
-136,-465
-135,-465
-134,-465
-133,-465
-132,-465
-131,-465
-130,-465
-129,-465
-128,-465
-127,-465
-126,-465
-125,-465
-124,-465
-123,-465
-122,-465
-121,-465
-120,-465
-119,-465
-118,-465
-117,-465
-116,-465
-115,-465
-114,-465
-113,-465
-112,-465
-111,-465
-110,-465
-109,-465
-108,-465
-107,-465
-106,-465
-105,-465
-104,-465
-103,-465
-102,-465
-101,-465
-100,-465
-99,-465
-98,-465
-97,-465
-96,-465
-95,-465
-94,-465
-93,-465
-92,-465
-91,-465
-90,-465
-89,-465
-88,-465
-87,-465
-86,-465
-85,-465
-84,-465
-83,-465
-82,-465
-81,-465
-80,-465
-830,-465
-830,-464
-830,-463
-830,-462
-830,-461
-830,-460
-830,-459
-830,-458
-830,-457
-830,-456
-830,-455
-830,-454
-830,-453
-830,-452
-830,-451
-830,-450
-830,-449
-830,-448
-830,-447
-830,-446
-830,-445
-830,-444
-830,-443
-830,-442
-830,-441
-830,-440
-830,-439
-830,-438
-830,-437
-830,-436
-830,-435
-830,-434
-830,-433
-830,-432
-830,-431
-830,-430
-830,-429
-830,-428
-830,-427
-830,-426
-830,-425
-830,-424
-830,-423
-830,-422
-830,-421
-830,-420
-830,-419
-830,-418
-830,-417
-830,-416
-830,-415
-830,-414
-830,-413
-830,-412
-830,-411
-830,-410
-830,-409
-830,-408
-830,-407
-830,-406
-830,-405
-830,-404
-830,-403
-830,-402
-830,-401
-830,-400
-830,-399
-830,-398
-830,-397
-830,-396
-830,-395
-830,-394
-830,-393
-830,-392
-830,-391
-830,-390
-830,-389
-830,-388
-830,-387
-830,-386
-830,-385
-830,-384
-830,-383
-830,-382
-830,-381
-830,-380
-830,-379
-830,-378
-830,-377
-830,-376
-830,-375
-830,-374
-830,-373
-830,-372
-830,-371
-830,-370
-830,-369
-830,-368
-830,-367
-830,-366
-830,-365
-830,-364
-830,-363
-830,-362
-830,-361
-830,-360
-830,-359
-830,-358
-830,-357
-830,-356
-830,-355
-830,-354
-830,-353
-830,-352
-830,-351
-830,-350
-830,-349
-830,-348
-830,-347
-830,-346
-830,-345
-830,-344
-830,-343
-830,-342
-830,-341
-830,-340
-830,-339
-830,-338
-830,-337
-830,-336
-830,-335
-830,-334
-830,-333
-830,-332
-830,-331
-830,-330
-830,-329
-830,-328
-830,-327
-830,-326
-830,-325
-830,-324
-830,-323
-830,-322
-830,-321
-830,-320
-830,-319
-830,-318
-830,-317
-830,-316
-830,-315
-830,-314
-830,-313
-830,-312
-830,-311
-830,-310
-830,-309
-830,-308
-830,-307
-830,-306
-830,-305
-830,-304
-830,-303
-830,-302
-830,-301
-830,-300
-830,-299
-830,-298
-830,-297
-830,-296
-830,-295
-830,-294
-830,-293
-830,-292
-830,-291
-830,-290
-830,-289
-830,-288
-830,-287
-830,-286
-830,-285
-830,-284
-830,-283
-830,-282
-830,-281
-830,-280
-830,-279
-830,-278
-830,-277
-830,-276
-830,-275
-830,-274
-830,-273
-830,-272
-830,-271
-830,-270
-830,-269
-830,-268
-830,-267
-830,-266
-830,-265
-830,-264
-830,-263
-830,-262
-830,-261
-830,-260
-830,-259
-830,-258
-830,-257
-830,-256
-830,-255
-830,-254
-830,-253
-830,-252
-830,-251
-830,-250
-830,-249
-830,-248
-830,-247
-830,-246
-830,-245
-830,-244
-830,-243
-830,-242
-830,-241
-830,-240
-830,-239
-830,-238
-830,-237
-830,-236
-830,-235
-830,-234
-830,-233
-830,-232
-830,-231
-830,-230
-830,-229
-830,-228
-830,-227
-830,-226
-830,-225
-830,-224
-830,-223
-830,-222
-830,-221
-830,-220
-830,-219
-830,-218
-830,-217
-830,-216
-830,-215
-830,-214
-830,-213
-830,-212
-830,-211
-830,-210
-830,-209
-830,-208
-830,-207
-830,-206
-830,-205
-830,-204
-830,-203
-830,-202
-830,-201
-830,-200
-830,-199
-830,-198
-830,-197
-830,-196
-830,-195
-830,-194
-830,-193
-830,-192
-830,-191
-830,-190
-830,-189
-830,-188
-830,-187
-830,-186
-830,-185
-830,-184
-830,-183
-830,-182
-830,-181
-830,-180
-830,-179
-830,-178
-830,-177
-830,-176
-830,-175
-830,-174
-830,-173
-830,-172
-830,-171
-830,-170
-830,-169
-830,-168
-830,-167
-830,-166
-830,-165
-830,-164
-830,-163
-830,-162
-830,-161
-830,-160
-830,-159
-830,-158
-830,-157
-830,-156
-830,-155
-830,-154
-830,-153
-830,-152
-830,-151
-830,-150
-830,-149
-830,-148
-830,-147
-830,-146
-830,-145
-830,-144
-830,-143
-830,-142
-830,-141
-830,-140
-830,-139
-830,-138
-830,-137
-830,-136
-830,-135
-830,-134
-830,-133
-830,-132
-830,-131
-830,-130
-830,-129
-830,-128
-830,-127
-830,-126
-830,-125
-830,-124
-830,-123
-830,-122
-830,-121
-830,-120
-830,-119
-830,-118
-830,-117
-830,-116
-830,-115
-830,-114
-830,-113
-830,-112
-830,-111
-830,-110
-830,-109
-830,-108
-830,-107
-830,-106
-830,-105
-830,-104
-830,-103
-830,-102
-830,-101
-830,-100
-830,-99
-830,-98
-830,-97
-830,-96
-830,-95
-830,-94
-830,-93
-830,-92
-830,-91
-830,-90
-830,-89
-830,-88
-830,-87
-830,-86
-830,-85
-830,-84
-830,-83
-830,-82
-830,-81
-830,-80
-830,-79
-830,-78
-830,-77
-830,-76
-830,-75
-830,-74
-830,-73
-830,-72
-830,-71
-830,-70
-830,-69
-830,-68
-830,-67
-830,-66
-830,-65
-830,-64
-830,-63
-830,-62
-830,-61
-830,-60
-830,-59
-830,-58
-830,-57
-830,-56
-830,-55
-830,-54
-830,-53
-830,-52
-830,-51
-830,-50
-830,-49
-830,-48
-830,-47
-830,-46
-830,-45
-830,-44
-830,-43
-830,-42
-830,-41
-830,-40
-830,-39
-830,-38
-830,-37
-830,-36
-830,-35
-830,-34
-830,-33
-830,-32
-830,-31
-830,-30
-830,-29
-830,-28
-830,-27
-830,-26
-830,-25
-830,-24
-830,-23
-830,-22
-830,-21
-830,-20
-830,-19
-830,-18
-830,-17
-830,-16
-830,-15