-360,-180
-359,-180
-358,-180
-357,-180
-356,-180
-355,-180
-354,-180
-353,-180
-352,-180
-351,-180
-350,-180
-349,-180
-348,-180
-347,-180
-346,-180
-345,-180
-344,-180
-343,-180
-342,-180
-341,-180
-340,-180
-339,-180
-338,-180
-337,-180
-336,-180
-335,-180
-334,-180
-333,-180
-332,-180
-331,-180
-330,-180
-329,-180
-328,-180
-327,-180
-326,-180
-325,-180
-324,-180
-323,-180
-322,-180
-321,-180
-320,-180
-319,-180
-318,-180
-317,-180
-316,-180
-315,-180
-314,-180
-313,-180
-312,-180
-311,-180
-310,-180
-309,-180
-308,-180
-307,-180
-306,-180
-305,-180
-304,-180
-303,-180
-302,-180
-301,-180
-300,-180
-299,-180
-298,-180
-297,-180
-296,-180
-295,-180
-294,-180
-293,-180
-292,-180
-291,-180
-290,-180
-289,-180
-288,-180
-287,-180
-286,-180
-285,-180
-284,-180
-283,-180
-282,-180
-281,-180
-280,-180
-279,-180
-278,-180
-277,-180
-276,-180
-275,-180
-274,-180
-273,-180
-272,-180
-271,-180
-270,-180
-269,-180
-268,-180
-267,-180
-266,-180
-265,-180
-264,-180
-263,-180
-262,-180
-261,-180
-260,-180
-259,-180
-258,-180
-257,-180
-256,-180
-255,-180
-254,-180
-253,-180
-252,-180
-251,-180
-250,-180
-249,-180
-248,-180
-247,-180
-246,-180
-245,-180
-244,-180
-243,-180
-242,-180
-241,-180
-240,-180
-239,-180
-238,-180
-237,-180
-236,-180
-235,-180
-234,-180
-233,-180
-232,-180
-231,-180
-230,-180
-229,-180
-228,-180
-227,-180
-226,-180
-225,-180
-224,-180
-223,-180
-222,-180
-221,-180
-220,-180
-219,-180
-218,-180
-217,-180
-216,-180
-215,-180
-214,-180
-213,-180
-212,-180
-211,-180
-210,-180
-209,-180
-208,-180
-207,-180
-206,-180
-205,-180
-204,-180
-203,-180
-202,-180
-201,-180
-200,-180
-199,-180
-198,-180
-197,-180
-196,-180
-195,-180
-194,-180
-193,-180
-192,-180
-191,-180
-190,-180
-189,-180
-188,-180
-187,-180
-186,-180
-185,-180
-184,-180
-183,-180
-182,-180
-181,-180
-180,-180
-179,-180
-178,-180
-177,-180
-176,-180
-175,-180
-174,-180
-173,-180
-172,-180
-171,-180
-170,-180
-169,-180
-168,-180
-167,-180
-166,-180
-165,-180
-164,-180
-163,-180
-162,-180
-161,-180
-160,-180
-159,-180
-158,-180
-157,-180
-156,-180
-155,-180
-154,-180
-153,-180
-152,-180
-151,-180
-150,-180
-149,-180
-148,-180
-147,-180
-146,-180
-145,-180
-144,-180
-143,-180
-142,-180
-141,-180
-140,-180
-139,-180
-138,-180
-137,-180
-136,-180
-135,-180
-134,-180
-133,-180
-132,-180
-131,-180
-130,-180
-129,-180
-128,-180
-127,-180
-126,-180
-125,-180
-124,-180
-123,-180
-122,-180
-121,-180
-120,-180
-119,-180
-118,-180
-117,-180
-116,-180
-115,-180
-114,-180
-113,-180
-112,-180
-111,-180
-110,-180
-109,-180
-108,-180
-107,-180
-106,-180
-105,-180
-104,-180
-103,-180
-102,-180
-101,-180
-100,-180
-99,-180
-98,-180
-97,-180
-96,-180
-95,-180
-94,-180
-93,-180
-92,-180
-91,-180
-90,-180
-89,-180
-88,-180
-87,-180
-86,-180
-85,-180
-84,-180
-83,-180
-82,-180
-81,-180
-80,-180
-79,-180
-78,-180
-77,-180
-76,-180
-75,-180
-74,-180
-73,-180
-72,-180
-71,-180
-70,-180
-69,-180
-68,-180
-67,-180
-66,-180
-65,-180
-64,-180
-63,-180
-62,-180
-61,-180
-60,-180
-59,-180
-58,-180
-57,-180
-56,-180
-55,-180
-54,-180
-53,-180
-52,-180
-51,-180
-50,-180
-49,-180
-48,-180
-47,-180
-46,-180
-45,-180
-44,-180
-43,-180
-42,-180
-41,-180
-40,-180
-39,-180
-38,-180
-37,-180
-36,-180
-35,-180
-34,-180
-33,-180
-32,-180
-31,-180
-30,-180
-29,-180
-28,-180
-27,-180
-26,-180
-25,-180
-360,-180
-360,-179
-360,-178
-360,-177
-360,-176
-360,-175
-360,-174
-360,-173
-360,-172
-360,-171
-360,-170
-360,-169
-360,-168
-360,-167
-360,-166
-360,-165
-360,-164
-360,-163
-360,-162
-360,-161
-360,-160
-360,-159
-360,-158
-360,-157
-360,-156
-360,-155
-360,-154
-360,-153
-360,-152
-360,-151
-360,-150
-360,-149
-360,-148
-360,-147
-360,-146
-360,-145
-360,-144
-360,-143
-360,-142
-360,-141
-360,-140
-360,-139
-360,-138
-360,-137
-360,-136
-360,-135
-360,-134
-360,-133
-360,-132
-360,-131
-360,-130
-360,-129
-360,-128
-360,-127
-360,-126
-360,-125
-360,-124
-360,-123
-360,-122
-360,-121
-360,-120
-360,-119
-360,-118
-360,-117
-360,-116
-360,-115
-360,-114
-360,-113
-360,-112
-360,-111
-360,-110
-360,-109
-360,-108
-360,-107
-360,-106
-360,-105
-360,-104
-360,-103
-360,-102
-360,-101
-360,-100
-360,-99
-360,-98
-360,-97
-360,-96
-360,-95
-360,-94
-360,-93
-360,-92
-360,-91
-360,-90
-360,-89
-360,-88
-360,-87
-360,-86
-360,-85
-360,-84
-360,-83
-360,-82
-360,-81
-360,-80
-360,-79
-360,-78
-360,-77
-360,-76
-360,-75
-360,-74
-360,-73
-360,-72
-360,-71
-360,-70
-360,-69
-360,-68
-360,-67
-360,-66
-360,-65
-360,-64
-360,-63
-360,-62
-360,-61
-360,-60
-360,-59
-360,-58
-360,-57
-360,-56
-360,-55
-460,-55
-459,-55
-458,-55
-457,-55
-456,-55
-455,-55
-454,-55
-453,-55
-452,-55
-451,-55
-450,-55
-449,-55
-448,-55
-447,-55
-446,-55
-445,-55
-444,-55
-443,-55
-442,-55
-441,-55
-440,-55
-439,-55
-438,-55
-437,-55
-436,-55
-435,-55
-434,-55
-433,-55
-432,-55
-431,-55
-430,-55
-429,-55
-428,-55
-427,-55
-426,-55
-425,-55
-424,-55
-423,-55
-422,-55
-421,-55
-420,-55
-419,-55
-418,-55
-417,-55
-416,-55
-415,-55
-414,-55
-413,-55
-412,-55
-411,-55
-410,-55
-409,-55
-408,-55
-407,-55
-406,-55
-405,-55
-404,-55
-403,-55
-402,-55
-401,-55
-400,-55
-399,-55
-398,-55
-397,-55
-396,-55
-395,-55
-394,-55
-393,-55
-392,-55
-391,-55
-390,-55
-389,-55
-388,-55
-387,-55
-386,-55
-385,-55
-384,-55
-383,-55
-382,-55
-381,-55
-380,-55
-379,-55
-378,-55
-377,-55
-376,-55
-375,-55
-374,-55
-373,-55
-372,-55
-371,-55
-370,-55
-369,-55
-368,-55
-367,-55
-366,-55
-365,-55
-364,-55
-363,-55
-362,-55
-361,-55
-360,-55
-460,-180
-460,-179
-460,-178
-460,-177
-460,-176
-460,-175
-460,-174
-460,-173
-460,-172
-460,-171
-460,-170
-460,-169
-460,-168
-460,-167
-460,-166
-460,-165
-460,-164
-460,-163
-460,-162
-460,-161
-460,-160
-460,-159
-460,-158
-460,-157
-460,-156
-460,-155
-460,-154
-460,-153
-460,-152
-460,-151
-460,-150
-460,-149
-460,-148
-460,-147
-460,-146
-460,-145
-460,-144
-460,-143
-460,-142
-460,-141
-460,-140
-460,-139
-460,-138
-460,-137
-460,-136
-460,-135
-460,-134
-460,-133
-460,-132
-460,-131
-460,-130
-460,-129
-460,-128
-460,-127
-460,-126
-460,-125
-460,-124
-460,-123
-460,-122
-460,-121
-460,-120
-460,-119
-460,-118
-460,-117
-460,-116
-460,-115
-460,-114
-460,-113
-460,-112
-460,-111
-460,-110
-460,-109
-460,-108
-460,-107
-460,-106
-460,-105
-460,-104
-460,-103
-460,-102
-460,-101
-460,-100
-460,-99
-460,-98
-460,-97
-460,-96
-460,-95
-460,-94
-460,-93
-460,-92
-460,-91
-460,-90
-460,-89
-460,-88
-460,-87
-460,-86
-460,-85
-460,-84
-460,-83
-460,-82
-460,-81
-460,-80
-460,-79
-460,-78
-460,-77
-460,-76
-460,-75
-460,-74
-460,-73
-460,-72
-460,-71
-460,-70
-460,-69
-460,-68
-460,-67
-460,-66
-460,-65
-460,-64
-460,-63
-460,-62
-460,-61
-460,-60
-625,-90
-624,-90
-623,-90
-622,-90
-621,-90
-620,-90
-619,-90
-618,-90
-617,-90
-616,-90
-615,-90
-614,-90
-613,-90
-612,-90
-611,-90
-610,-90
-609,-90
-608,-90
-607,-90
-606,-90
-605,-90
-604,-90
-603,-90
-602,-90
-601,-90
-600,-90
-599,-90
-598,-90
-597,-90
-596,-90
-595,-90
-594,-90
-593,-90
-592,-90
-591,-90
-590,-90
-589,-90
-588,-90
-587,-90
-586,-90
-585,-90
-584,-90
-583,-90
-582,-90
-581,-90
-580,-90
-579,-90
-578,-90
-577,-90
-576,-90
-575,-90
-574,-90
-573,-90
-572,-90
-571,-90
-570,-90
-569,-90
-568,-90
-567,-90
-566,-90
-565,-90
-564,-90
-563,-90
-562,-90
-561,-90
-560,-90
-559,-90
-558,-90
-557,-90
-556,-90
-555,-90
-554,-90
-553,-90
-552,-90
-551,-90
-550,-90
-549,-90
-548,-90
-547,-90
-546,-90
-545,-90
-544,-90
-543,-90
-542,-90
-541,-90
-540,-90
-539,-90
-538,-90
-537,-90
-536,-90
-535,-90
-534,-90
-533,-90
-532,-90
-531,-90
-530,-90
-529,-90
-528,-90
-527,-90
-526,-90
-525,-90
-524,-90
-523,-90
-522,-90
-521,-90
-520,-90
-519,-90
-518,-90
-517,-90
-516,-90
-515,-90
-514,-90
-513,-90
-512,-90
-511,-90
-510,-90
-509,-90
-508,-90
-507,-90
-506,-90
-505,-90
-504,-90
-503,-90
-502,-90
-501,-90
-500,-90
-499,-90
-498,-90
-497,-90
-496,-90
-495,-90
-494,-90
-493,-90
-492,-90
-491,-90
-490,-90
-489,-90
-488,-90
-487,-90
-486,-90
-485,-90
-484,-90
-483,-90
-482,-90
-481,-90
-480,-90
-479,-90
-478,-90
-477,-90
-476,-90
-475,-90
-474,-90
-473,-90
-472,-90
-471,-90
-470,-90
-469,-90
-468,-90
-467,-90
-466,-90
-465,-90
-464,-90
-463,-90
-462,-90
-461,-90
-460,-90
-760,-150
-759,-150
-758,-150
-757,-150
-756,-150
-755,-150
-754,-150
-753,-150
-752,-150
-751,-150
-750,-150
-749,-150
-748,-150
-747,-150
-746,-150
-745,-150
-744,-150
-743,-150
-742,-150
-741,-150
-740,-150
-739,-150
-738,-150
-737,-150
-736,-150
-735,-150
-734,-150
-733,-150
-732,-150
-731,-150
-730,-150
-729,-150
-728,-150
-727,-150
-726,-150
-725,-150
-724,-150
-723,-150
-722,-150
-721,-150
-720,-150
-719,-150
-718,-150
-717,-150
-716,-150
-715,-150
-714,-150
-713,-150
-712,-150
-711,-150
-710,-150
-709,-150
-708,-150
-707,-150
-706,-150
-705,-150
-704,-150
-703,-150
-702,-150
-701,-150
-700,-150
-699,-150
-698,-150
-697,-150
-696,-150
-695,-150
-694,-150
-693,-150
-692,-150
-691,-150
-690,-150
-689,-150
-688,-150
-687,-150
-686,-150
-685,-150
-684,-150
-683,-150
-682,-150
-681,-150
-680,-150
-679,-150
-678,-150
-677,-150
-676,-150
-675,-150
-674,-150
-673,-150
-672,-150
-671,-150
-670,-150
-669,-150
-668,-150
-667,-150
-666,-150
-665,-150
-664,-150
-663,-150
-662,-150
-661,-150
-660,-150
-659,-150
-658,-150
-657,-150
-656,-150
-655,-150
-654,-150
-653,-150
-652,-150
-651,-150
-650,-150
-649,-150
-648,-150
-647,-150
-646,-150
-645,-150
-644,-150
-643,-150
-642,-150
-641,-150
-640,-150
-639,-150
-638,-150
-637,-150
-636,-150
-635,-150
-634,-150
-633,-150
-632,-150
-631,-150
-630,-150
-629,-150
-628,-150
-627,-150
-626,-150
-625,-150
-624,-150
-623,-150
-622,-150
-621,-150
-620,-150
-760,-295
-760,-294
-760,-293
-760,-292
-760,-291
-760,-290
-760,-289
-760,-288
-760,-287
-760,-286
-760,-285
-760,-284
-760,-283
-760,-282
-760,-281
-760,-280
-760,-279
-760,-278
-760,-277
-760,-276
-760,-275
-760,-274
-760,-273
-760,-272
-760,-271
-760,-270
-760,-269
-760,-268
-760,-267
-760,-266
-760,-265
-760,-264
-760,-263
-760,-262
-760,-261
-760,-260
-760,-259
-760,-258
-760,-257
-760,-256
-760,-255
-760,-254
-760,-253
-760,-252
-760,-251
-760,-250
-760,-249
-760,-248
-760,-247
-760,-246
-760,-245
-760,-244
-760,-243
-760,-242
-760,-241
-760,-240
-760,-239
-760,-238
-760,-237
-760,-236
-760,-235
-760,-234
-760,-233
-760,-232
-760,-231
-760,-230
-760,-229
-760,-228
-760,-227
-760,-226
-760,-225
-760,-224
-760,-223
-760,-222
-760,-221
-760,-220
-760,-219
-760,-218
-760,-217
-760,-216
-760,-215
-760,-214
-760,-213
-760,-212
-760,-211
-760,-210
-760,-209
-760,-208
-760,-207
-760,-206
-760,-205
-760,-204
-760,-203
-760,-202
-760,-201
-760,-200
-760,-199
-760,-198
-760,-197
-760,-196
-760,-195
-760,-194
-760,-193
-760,-192
-760,-191
-760,-190
-760,-189
-760,-188
-760,-187
-760,-186
-760,-185
-760,-184
-760,-183
-760,-182
-760,-181
-760,-180
-760,-179
-760,-178
-760,-177
-760,-176
-760,-175
-760,-174
-760,-173
-760,-172
-760,-171
-760,-170
-760,-169
-760,-168
-760,-167
-760,-166
-760,-165
-760,-164
-760,-163
-760,-162
-760,-161
-760,-160
-760,-159
-760,-158
-760,-157
-760,-156
-760,-155
-760,-154
-760,-153
-760,-152
-760,-151
-760,-150
-760,-149
-760,-148
-760,-147
-760,-146
-760,-145
-760,-144
-760,-143
-760,-142
-760,-141
-760,-140
-760,-139
-760,-138
-760,-137
-760,-136
-760,-135
-760,-134
-760,-133
-760,-132
-760,-131
-760,-130
-760,-129
-760,-128
-760,-127
-760,-126
-760,-125
-760,-124
-760,-123
-760,-122
-760,-121
-760,-120
-760,-119
-760,-118
-760,-117
-760,-116
-760,-115
-760,-114
-760,-113
-760,-112
-760,-111
-760,-110
-760,-109
-760,-108
-760,-107
-760,-106
-760,-105
-760,-104
-760,-103
-760,-102
-760,-101
-760,-100
-760,-99
-760,-98
-760,-97
-760,-96
-760,-95
-760,-94
-760,-93
-760,-92
-760,-91
-760,-90
-760,-89
-760,-88
-760,-87
-760,-86
-760,-85
-760,-295
-759,-295
-758,-295
-757,-295
-756,-295
-755,-295
-754,-295
-753,-295
-752,-295
-751,-295
-750,-295
-749,-295
-748,-295
-747,-295
-746,-295
-745,-295
-744,-295
-743,-295
-742,-295
-741,-295
-740,-295
-739,-295
-738,-295
-737,-295
-736,-295
-735,-295
-734,-295
-733,-295
-732,-295
-731,-295
-730,-295
-729,-295
-728,-295
-727,-295
-726,-295
-725,-295
-724,-295
-723,-295
-722,-295
-721,-295
-720,-295
-719,-295
-718,-295
-717,-295
-716,-295
-715,-295
-714,-295
-713,-295
-712,-295
-711,-295
-710,-295
-709,-295
-708,-295
-707,-295
-706,-295
-705,-295
-704,-295
-703,-295
-702,-295
-701,-295
-700,-295
-699,-295
-698,-295
-697,-295
-696,-295
-695,-295
-694,-295
-693,-295
-692,-295
-691,-295
-690,-295
-689,-295
-688,-295
-687,-295
-686,-295
-685,-295
-684,-295
-683,-295
-682,-295
-681,-295
-680,-295
-679,-295
-678,-295
-677,-295
-676,-295
-675,-295
-674,-295
-673,-295
-672,-295
-671,-295
-670,-295
-669,-295
-668,-295
-667,-295
-666,-295
-665,-295
-664,-295
-663,-295
-662,-295
-661,-295
-660,-295
-659,-295
-658,-295
-657,-295
-656,-295
-655,-295
-654,-295
-653,-295
-652,-295
-651,-295
-650,-295
-649,-295
-648,-295
-647,-295
-646,-295
-645,-295
-644,-295
-643,-295
-642,-295
-641,-295
-640,-295
-639,-295
-638,-295
-637,-295
-636,-295
-635,-295
-634,-295
-633,-295
-632,-295
-631,-295
-630,-295
-629,-295
-628,-295
-627,-295
-626,-295
-625,-295
-624,-295
-623,-295
-622,-295
-621,-295
-620,-295
-619,-295
-618,-295
-617,-295
-616,-295
-615,-295
-614,-295
-613,-295
-612,-295
-611,-295
-610,-295
-609,-295
-608,-295
-607,-295
-606,-295
-605,-295
-604,-295
-603,-295
-602,-295
-601,-295
-600,-295
-599,-295
-598,-295
-597,-295
-596,-295
-595,-295
-594,-295
-593,-295
-592,-295
-591,-295
-590,-295
-589,-295
-588,-295
-587,-295
-586,-295
-585,-295
-584,-295
-583,-295
-582,-295
-581,-295
-580,-295
-579,-295
-578,-295
-577,-295
-576,-295
-575,-295
-574,-295
-573,-295
-572,-295
-571,-295
-570,-295
-569,-295
-568,-295
-567,-295
-566,-295
-565,-295
-564,-295
-563,-295
-562,-295
-561,-295
-560,-295
-559,-295
-558,-295
-557,-295
-556,-295
-555,-295
-554,-295
-553,-295
-552,-295
-551,-295
-550,-295
-549,-295
-548,-295
-547,-295
-546,-295
-545,-295
-544,-295
-543,-295
-542,-295
-541,-295
-540,-295
-539,-295
-538,-295
-537,-295
-536,-295
-535,-295
-534,-295
-533,-295
-532,-295
-531,-295
-530,-295
-529,-295
-528,-295
-527,-295
-526,-295
-525,-295
-524,-295
-523,-295
-522,-295
-521,-295
-520,-295
-519,-295
-518,-295
-517,-295
-516,-295
-515,-295
-514,-295
-513,-295
-512,-295
-511,-295
-510,-295
-509,-295
-508,-295
-507,-295
-506,-295
-505,-295
-504,-295
-503,-295
-502,-295
-501,-295
-500,-295
-499,-295
-498,-295
-497,-295
-496,-295
-495,-295
-494,-295
-493,-295
-492,-295
-491,-295
-490,-295
-489,-295
-488,-295
-487,-295
-486,-295
-485,-295
-484,-295
-483,-295
-482,-295
-481,-295
-480,-295
-479,-295
-478,-295
-477,-295
-476,-295
-475,-295
-474,-295
-473,-295
-472,-295
-471,-295
-470,-295
-469,-295
-468,-295
-467,-295
-466,-295
-465,-295
-464,-295
-463,-295
-462,-295
-461,-295
-460,-295
-459,-295
-458,-295
-457,-295
-456,-295
-455,-295
-454,-295
-453,-295
-452,-295
-451,-295
-450,-295
-449,-295
-448,-295
-447,-295
-446,-295
-445,-295
-444,-295
-443,-295
-442,-295
-441,-295
-440,-295
-439,-295
-438,-295
-437,-295
-436,-295
-435,-295
-434,-295
-433,-295
-432,-295
-431,-295
-430,-295
-429,-295
-428,-295
-427,-295
-426,-295
-425,-295
-424,-295
-423,-295
-422,-295
-421,-295
-420,-295
-419,-295
-418,-295
-417,-295
-416,-295
-415,-295
-414,-295
-413,-295
-412,-295
-411,-295
-410,-295
-409,-295
-408,-295
-407,-295
-406,-295
-405,-295
-404,-295
-403,-295
-402,-295
-401,-295
-400,-295
-399,-295
-398,-295
-397,-295
-396,-295
-395,-295
-394,-295
-393,-295
-392,-295
-391,-295
-390,-295
-389,-295
-388,-295
-387,-295
-386,-295
-385,-295
-384,-295
-383,-295
-382,-295
-381,-295
-380,-295
-379,-295
-378,-295
-377,-295
-376,-295
-375,-295
-374,-295
-373,-295
-372,-295
-371,-295
-370,-295
-369,-295
-368,-295
-367,-295
-366,-295
-365,-295
-364,-295
-363,-295
-362,-295
-361,-295
-360,-295
-359,-295
-358,-295
-357,-295
-356,-295
-355,-295
-354,-295
-353,-295
-352,-295
-351,-295
-350,-295
-349,-295
-348,-295
-347,-295
-346,-295
-345,-295
-344,-295
-343,-295
-342,-295
-341,-295
-340,-295
-339,-295
-338,-295
-337,-295
-336,-295
-335,-295
-334,-295
-333,-295
-332,-295
-331,-295
-330,-295
-329,-295
-328,-295
-327,-295
-326,-295
-325,-295
-324,-295
-323,-295
-322,-295
-321,-295
-320,-295
-319,-295
-318,-295
-317,-295
-316,-295
-315,-295
-314,-295
-313,-295
-312,-295
-311,-295
-310,-295
-309,-295
-308,-295
-307,-295
-306,-295
-305,-295
-304,-295
-303,-295
-302,-295
-301,-295
-300,-295
-299,-295
-298,-295
-297,-295
-296,-295
-295,-295
-294,-295
-293,-295
-292,-295
-291,-295
-290,-295
-289,-295
-288,-295
-287,-295
-286,-295
-285,-295
-284,-295
-283,-295
-282,-295
-281,-295
-280,-295
-279,-295
-278,-295
-277,-295
-276,-295
-275,-295
-274,-295
-273,-295
-272,-295
-271,-295
-270,-295
-269,-295
-268,-295
-267,-295
-266,-295
-265,-295
-264,-295
-263,-295
-262,-295
-261,-295
-260,-295
-259,-295
-258,-295
-257,-295
-256,-295
-255,-295
-254,-295
-253,-295
-252,-295
-251,-295
-250,-295
-249,-295
-248,-295
-247,-295
-246,-295
-245,-295
-244,-295
-243,-295
-242,-295
-241,-295
-240,-295
-239,-295
-238,-295
-237,-295
-236,-295
-235,-295
-234,-295
-233,-295
-232,-295
-231,-295
-230,-295
-229,-295
-228,-295
-227,-295
-226,-295
-225,-295
-224,-295
-223,-295
-222,-295
-221,-295
-220,-295
-219,-295
-218,-295
-217,-295
-216,-295
-215,-295
-214,-295
-213,-295
-212,-295
-211,-295
-210,-295
-209,-295
-208,-295
-207,-295
-206,-295
-205,-295
-204,-295
-203,-295
-202,-295
-201,-295
-200,-295
-199,-295
-198,-295
-197,-295
-196,-295
-195,-295
-194,-295
-193,-295
-192,-295
-191,-295
-190,-295
-189,-295
-188,-295
-187,-295
-186,-295
-185,-295
-184,-295
-183,-295
-182,-295
-181,-295
-180,-295
-179,-295
-178,-295
-177,-295
-176,-295
-175,-295
-174,-295
-173,-295
-172,-295
-171,-295
-170,-295
-169,-295
-168,-295
-167,-295
-166,-295
-165,-295
-164,-295
-163,-295
-162,-295
-161,-295
-160,-295
-159,-295
-158,-295
-157,-295
-156,-295
-155,-295
-154,-295
-153,-295
-152,-295
-151,-295
-150,-295
-149,-295
-148,-295
-147,-295
-146,-295
-145,-295
-144,-295
-143,-295
-142,-295
-141,-295
-140,-295
-139,-295
-138,-295
-137,-295
-136,-295
-135,-295
-134,-295
-133,-295
-132,-295
-131,-295
-130,-295
-129,-295
-128,-295
-127,-295
-126,-295
-125,-295
-124,-295
-123,-295
-122,-295
-121,-295
-120,-295
-119,-295
-118,-295
-117,-295
-116,-295
-115,-295
-114,-295
-113,-295
-112,-295
-111,-295
-110,-295
-109,-295
-108,-295
-107,-295
-106,-295
-105,-295
-104,-295
-103,-295
-102,-295
-101,-295
-100,-295
-99,-295
-98,-295
-97,-295
-96,-295
-95,-295
-94,-295
-93,-295
-92,-295
-91,-295
-90,-295
-89,-295
-88,-295
-87,-295
-86,-295
-85,-295
-84,-295
-83,-295
-82,-295
-81,-295
-80,-295
-79,-295
-78,-295
-77,-295
-76,-295
-75,-295
-74,-295
-73,-295
-72,-295
-71,-295
-70,-295
-69,-295
-68,-295
-67,-295
-66,-295
-65,-295
-64,-295
-63,-295
-62,-295
-61,-295
-60,-295
-59,-295
-58,-295
-57,-295
-56,-295
-55,-295
-54,-295
-53,-295
-52,-295
-51,-295
-50,-295
-49,-295
-48,-295
-47,-295
-46,-295
-45,-295
-44,-295
-43,-295
-42,-295
-41,-295
-40,-295
-39,-295
-38,-295
-37,-295
-36,-295
-35,-295
-34,-295
-33,-295
-32,-295
-31,-295
-30,-295
-29,-295
-28,-295
-27,-295
-26,-295
-25,-295
-24,-295
-23,-295
-22,-295
-21,-295
-20,-295
-20,-290
-20,-289
-20,-288
-20,-287
-20,-286
-20,-285
-20,-284
-20,-283
-20,-282
-20,-281
-20,-280
-20,-279
-20,-278
-20,-277
-20,-276
-20,-275
-20,-274
-20,-273
-20,-272
-20,-271
-20,-270
-20,-269
-20,-268
-20,-267
-20,-266
-20,-265
-20,-264
-20,-263
-20,-262
-20,-261
-20,-260
-20,-259
-20,-258
-20,-257
-20,-256
-20,-255
-20,-254
-20,-253
-20,-252
-20,-251
-20,-250
-20,-249
-20,-248
-20,-247
-20,-246
-20,-245
-20,-244
-20,-243
-20,-242
-20,-241
-20,-240
-20,-239
-20,-238
-20,-237
-20,-236
-20,-235
-20,-234
-20,-233
-20,-232
-20,-231
-20,-230
-20,-229
-20,-228
-20,-227
-20,-226
-20,-225
-20,-224
-20,-223
-20,-222
-20,-221
-20,-220
-20,-219
-20,-218
-20,-217
-20,-216
-20,-215
-20,-214
-20,-213
-20,-212
-20,-211
-20,-210
-20,-209
-20,-208
-20,-207
-20,-206
-20,-205
-20,-204
-20,-203
-20,-202
-20,-201
-20,-200
-20,-199
-20,-198
-20,-197
-20,-196
-20,-195
-20,-194
-20,-193
-20,-192
-20,-191
-20,-190
-20,-189
-20,-188
-20,-187
-20,-186
-20,-185
-20,-184
-20,-183
-20,-182
-20,-181
-20,-180
-20,-179
-20,-178
-20,-177
-20,-176
-20,-175
-20,-174
-20,-173
-20,-172
-20,-171
-20,-170
